1849
-1410.60071931 3398.85895523
4225.42409992 525.056916192
-1389.91722291 4037.45748677
-1443.32524176 3418.86823268
4358.49263507 634.640533891
-1572.7522725 3844.86898685
-1594.73248803 3664.80947277
-1583.83265575 3613.42706115
-1513.45320151 3943.69081686
4148.13457317 -494.876189918
-1147.63889136 4057.57612133
5010.60955892 -797.243119447
-1140.54752558 3370.42402247
-1223.02905777 3356.4526045
-1515.61262213 3941.1159963
5576.54034449 120.032082443
4973.77912813 744.663601922
5201.66473703 653.280491944
-1141.75163155 4055.92675801
-1387.10779549 3387.26772942
-1505.24369504 3472.94944359
5092.67000486 -769.246956112
-1077.46808832 3395.65741877
4028.96090848 -247.333331386
5557.39562495 -259.842546435
4324.00508931 610.700704458
-1433.01599285 4013.96321783
4783.0438492 -826.910202509
-938.555241728 3523.32615311
-1198.61520284 4067.47500472
-1416.37625004 3402.04635245
5409.68371735 474.746900756
-1460.00139556 3994.93507895
5588.11684561 -98.6880285172
5206.11646282 -712.615180285
5290.90928795 591.6475553
-884.132852417 3722.73853048
5582.80939551 82.8962525755
4425.91036071 674.257994047
-1239.39715408 3356.00359822
-1202.89688172 4067.96077583
-1401.74359278 3394.23598481
5377.37681712 511.635460402
4380.89178774 648.80172737
-1442.40124273 3418.23477236
5489.92332494 357.197852208
-1554.49974878 3542.2167821
-1068.71318547 3400.32404388
5124.41492508 693.6390875
4044.93515854 235.493402559
-947.059194134 3915.60257315
-910.667160885 3848.38543275
-1044.47465632 4011.03823462
-1521.78314581 3933.47635935
-1359.46196829 3376.22743272
-1499.28690679 3959.44852156
4832.62438159 764.110310529
-1583.42275246 3612.02644605
4092.66677285 -405.625196749
3999.00659578 -34.2404388695
-1494.7090338 3461.84123315
-1167.88087873 4062.4318161
-887.01521776 3666.6990935
-961.217124439 3934.74431795
-1583.77984219 3613.24540217
-885.095093835 3685.05903066
-1292.3821415 3359.71700362
5377.73686447 511.248786797
-1349.80550067 4053.0152394
-1270.17971484 4068.80548653
-933.616905201 3531.43834923
-897.53862695 3810.3821607
5587.43213094 -106.281590398
-1527.57740152 3500.10943436
-1486.84271553 3454.13640808
-1157.72108705 3365.84927962
-937.269839622 3525.39139232
4378.10731317 -709.097697729
-1013.30493945 3987.9617417
-963.244804916 3937.27895934
-1341.36248961 4055.60235066
-899.264525718 3816.27567776
5444.79793763 428.759328616
-1158.51895089 4060.34115296
-1280.64026704 3358.207597
4079.96336124 -380.76936005
-884.045040705 3718.67071731
5520.27611435 -359.00999673
4150.15913428 -497.686466378
-1135.61661302 4054.09139794
-938.32384338 3902.30436924
-1118.77551603 3377.57463495
4392.06731026 655.48470306
-1161.19353415 3365.03458791
-944.383034302 3514.33602325
-944.72255883 3513.83002773
-1377.19551102 4042.99967088
-1553.46678518 3885.66588591
4003.14717309 -112.148632194
-1453.24859804 4000.0531878
-1573.3151388 3582.55595634
-896.046673862 3621.04238593
-1597.94998357 3718.97571982
3999.5835447 -61.4739666139
-1357.89325708 3375.67972719
-1586.80249403 3801.71096392
-1586.53563547 3623.25522511
4641.50208339 750.059786186
-886.682655299 3756.68316889
-1564.97683331 3862.96003293
-1589.15744357 3634.03548588
-1176.03574993 3361.96062014
-1516.62875285 3939.88717593
-1452.95883668 4000.26721281
-1516.09075658 3485.46082614
-1377.7494472 4042.77050913
5264.33323389 611.917036304
4411.01878197 -728.262091468
5415.28261508 -529.864187363
-1293.72706248 3359.91522706
4836.02368638 763.942172209
-1236.55992915 4069.97238797
5322.49363649 -627.126214374
-885.049230261 3685.64950599
-1320.08023195 4061.13117774
5478.30817686 -439.296381858
4862.15750405 -824.161944151
-1056.78290837 3407.20094318
-1064.21062499 3402.84759088
-1045.72043584 4011.8559717
-1302.87234867 4064.59751488
4003.38248048 52.412845494
-1390.9833658 3389.03396786
3999.55621431 -1.24796126997
-1429.58475787 3409.87496128
-955.087821886 3926.78312938
5590.82477952 -47.7009070017
-1570.8972709 3576.55663939
4685.51199871 -819.434130142
-1535.34485006 3915.01512132
-1151.28231671 3367.45732925
-1517.47414877 3938.85624867
-907.132436925 3586.58223888
5218.298328 643.117590272
5290.06216053 -654.321311372
-1507.81009476 3950.19480039
4232.4974801 532.211252647
-1154.10814035 4059.26406791
-1214.63104695 4069.02482823
-887.147629372 3760.30221772
5408.27908475 -538.449272543
-1362.43024908 4048.71370929
-990.522504747 3458.61834899
4452.08563377 687.349314354
-1192.88546486 3359.25716755
5457.5490498 410.185626022
-916.830332531 3862.54272531
-1410.42206415 3398.76256719
-1047.10568355 4012.75655797
-1213.08405071 3357.09313048
-1506.36665513 3474.19141903
5502.9761045 332.848643605
-931.391911197 3535.25908927
4004.57635316 63.0556139727
4967.20492394 746.149576447
4553.38330364 -789.444046742
5435.63571821 441.44245846
-1347.73487463 3372.3290935
4803.46003463 -826.955041327
5247.22047277 624.066900408
5460.65690911 -467.482392952
5589.72996065 -75.9476322446
4567.12232851 -793.684578864
-1339.96260053 4056.00933471
-884.935391962 3687.17375555
-1587.66251239 3627.71165083
-1327.43872233 4059.37746359
-1500.297821 3467.61532235
-904.557087845 3593.6049965
5061.75142389 -780.973118086
-967.81517148 3483.1760468
-903.677122244 3596.11426031
-1123.20112128 3375.99491966
4958.25535714 -810.078743367
-949.009928277 3507.59601266
-1331.04969216 4058.45629672
4503.41930872 709.673140105
4547.45601893 -787.53022242
-1104.49899683 4042.87342441
-1386.83216028 3387.14423278
-1394.87841924 3390.86581663
-1385.55162286 4039.42583894
4521.28001253 716.457937587
5353.26327231 536.413534199
-1171.55432285 3362.81962087
-1217.8175295 3356.75349397
4605.67265581 742.156618508
5308.36037409 -639.339647168
-974.540201539 3950.58824845
-1242.76422438 4069.99564075
4665.8142577 754.447034488
-1495.98772104 3463.13951469
-1026.53471268 3998.40084186
4406.20302675 663.588305107
-887.766224108 3661.28056875
5484.84480516 366.152545993
-1212.72004314 4068.87813088
-964.135459067 3938.37751879
-1164.62691495 3364.26492594
5302.27964615 582.419400247
-931.949532502 3891.70872542
-925.615312323 3880.2767132
-1332.87916582 3368.02577069
-1013.72962669 3437.68712814
-1392.35396203 3389.67202692
5366.72944413 522.842434919
4248.66357565 547.906306261
-1529.89478427 3922.73507961
4279.21224451 -637.282930068
4826.23779044 -826.386824412
-1592.98095186 3653.3475941
4148.98828288 434.064362587
-1302.74699839 4064.61955035
-1498.98161632 3959.76808067
-1401.96815567 4031.65067529
-1210.66277197 3357.29133747
-1317.78644737 3364.35570921
-932.587802338 3892.80799852
-1470.28383396 3439.36169222
-1208.42413234 4068.51063675
5295.25480152 588.161637667
-1144.52184951 4056.71640414
-1431.02637217 4015.22339069
-891.047251771 3642.41619161
-1230.83272769 3356.14481008
5283.61721934 -659.386197309
5145.73785719 683.562072554
-1592.2266688 3649.05606267
-920.964037031 3554.80397474
4434.09740708 -740.482429959
5525.14512081 286.02382018
4594.95861247 739.454050075
-1423.72296838 3406.30582525
5363.5180531 -588.138423818
4521.62451247 716.584003854
-1538.80727232 3909.87515982
-929.993340696 3537.71777652
-1058.25398418 3406.31955768
-1040.10686192 4008.11175353
-930.26625781 3537.23441331
-1542.78031513 3522.27076417
-1499.68875067 3466.97331389
-885.625452906 3678.97161071
-1111.88754515 3380.1652452
-1227.74836941 4069.75396885
-1189.56514912 3359.72467378
4076.35422571 -373.292639553
-1088.56333135 4035.81893075
-1042.53301477 4009.74880922
-1512.8302893 3944.42448838
-885.039584978 3740.22467515
-1474.66677122 3982.90524269
-1597.304863 3690.73243159
4099.15163978 355.537268026
-893.501073077 3794.81378727
-993.497670648 3970.27727643
4454.95914587 -750.713983137
4273.91524495 570.736385847
-1571.4975219 3847.98291751
-1142.85136905 4056.24312993
-1255.76221183 4069.69465528
-892.970452541 3792.52631071
-893.965986982 3629.2360829
5441.72406883 -495.073247228
-932.904932014 3532.64915004
-1023.64451575 3996.2059206
-884.288804489 3698.64301573
5116.05596959 -759.381125779
-968.145265573 3943.21575511
-888.898686899 3771.93780885
4683.80793877 757.195613741
-896.963066079 3808.3288419
-1472.02787143 3440.83254673
-1085.17864842 4034.19885802
-953.855265082 3925.12473031
4277.68895911 573.983708026
-929.473202918 3538.6438854
-914.952919455 3858.40392453
-933.072170456 3532.36375836
4770.08498649 -826.609981148
5204.58869909 651.53431971
-1177.67379432 4064.33857129
-1006.61423652 3443.71889432
-1243.06851065 4069.99400732
-1128.36023504 3374.23565219
5572.83380434 -200.087470952
5056.86363914 720.69371056
-948.333725272 3917.43935931
-1355.81211645 4051.03428512
-1594.25630889 3661.43469934
-886.282120291 3753.30168501
-964.539977738 3487.12645996
-975.25176474 3474.61611746
-1060.68219762 4021.11441081
-1557.04976977 3546.98330497
4165.86051637 -518.646911339
4021.81980559 158.231041231
-1593.7479495 3767.93527212
-1525.92851335 3497.90759595
-956.952058886 3929.25394135
-1433.15990402 4013.87135338
5077.68088381 713.115258497
-1464.82484775 3991.12126407
-1596.9326118 3685.41420918
4098.75708671 354.826134025
5586.65818083 -114.026048486
4206.60576299 -567.104674347
5117.80985496 -758.605523303
4259.8472888 -620.260193543
-895.81988645 3804.10263009
4994.28017212 739.65129144
4178.8616745 -534.973772981
-1497.94097184 3960.85144137
-918.701433048 3866.53381953
-893.623194892 3795.33076748
4119.93001065 -452.777796339
-1315.73468681 4062.0898546
-1364.24026431 4048.05348417
-1371.32863597 4045.36041678
-1594.93361275 3666.30955381
-925.16560158 3879.42605798
-884.02618138 3717.32351938
-884.388304363 3729.64627691
-1229.90886622 4069.82767094
-1309.49170176 4063.36821601
-913.901690955 3569.97658856
-988.238358227 3965.11218227
-915.857592271 3565.58421151
4794.2718136 764.999666925
-923.535132822 3876.29439092
4660.93572607 753.629065518
-1127.0099817 3374.6876063
-1019.82600954 3993.2339486
-1525.79335027 3928.27133493
-913.069315027 3854.10445015
-1597.65703347 3697.35517725
-1274.78560917 4068.39771048
-1241.9895411 3356.00137142
5590.91259878 -19.204445776
4635.07925006 748.77006466
-1411.60123937 4026.59881556
-903.140132803 3597.67563077
5549.88438799 -283.518436505
-1536.16562521 3512.18602216
-890.280801794 3646.32883675
-918.585384691 3559.71002696
-1308.61710656 3362.46194657
5462.76910689 402.244065026
-1480.7634398 3977.50423992
-1506.38163577 3951.79193327
-977.274110404 3472.38068416
-901.449377393 3823.24688062
-1239.32614663 3356.00392409
-1596.25595166 3748.24498273
-1337.58474011 3369.31353245
-911.501610416 3850.4038255
-1595.59493277 3671.63052268
-1306.89413571 4063.86601841
-904.269951168 3831.58277368
-1372.42612484 3381.07203536
4991.45155495 740.377201218
4635.23962572 -810.802938447
-1555.5707046 3544.19753614
4625.55714508 -808.756465044
-1225.56876961 4069.66633865
-1594.56375861 3663.58675685
4029.06701076 185.708689261
-1298.67700144 3360.68996111
-1595.02206454 3666.98502612
4169.63841847 461.4823777
-1570.87213543 3849.50411813
-993.567854805 3455.65522441
4947.36581693 750.28142038
5590.7928127 -49.1603758522
4189.96435763 -548.250298664
-929.556950612 3538.49433537
5315.96289216 -632.841893681
-1288.23984968 4066.86070226
-1576.20006893 3590.15898978
-1596.3968206 3679.20503132
-1505.33630527 3952.94857307
-885.037817353 3740.20155373
5360.18393246 -591.520403277
5560.13597708 188.506119684
-1585.09597608 3617.88449524
5560.41982103 187.51429604
5583.91214762 -136.988788707
-1434.9280882 3413.26528962
5578.94188867 107.025777263
4989.64444536 -802.835176635
5101.74973727 703.520659129
-1311.49119139 3363.02858412
-1376.67540813 3382.7861547
-1325.75569148 4059.79312675
4763.26704979 764.367223282
4298.73741536 -653.366007336
5482.7617324 369.74904797
4147.53590507 432.040220474
5292.3210462 -652.52053627
-1512.60218074 3944.69215657
4432.01935724 -739.421522103
-1567.34796154 3857.72735747
-1523.78711165 3495.0999094
-1403.92414335 3395.34496146
-889.391720687 3774.81114721
-1037.1942402 3419.89214908
-1560.01335108 3552.75181177
4321.06962596 608.53576957
-1002.7571385 3447.12533226
-921.603883126 3553.51608067
4941.43840265 751.414081052
-1169.72990532 3363.18637304
-1548.4434299 3894.45946492
4580.26467378 -797.488577653
-1565.07670416 3862.74408109
-902.294820677 3600.18244153
4306.53966598 -659.508155948
-1149.61571489 4058.10565402
5452.27415114 -480.006336529
-1538.70634649 3910.02774236
-931.565082791 3891.04221975
-888.442339737 3656.85646796
-1558.87627621 3875.49207065
-1554.77135555 3542.71630602
-1489.67740157 3969.14165992
-1336.08146298 4057.10538414
-1282.65883794 3358.43894571
-1206.19966964 3357.7002153
4710.59359813 760.512197836
-1537.530197 3911.79346636
5369.6143637 519.84873879
5292.79210234 590.14331909
-1597.58175465 3730.27577064
4360.77857155 -698.13398285
-1098.99700274 3385.45740923
-1564.057715 3864.92996011
-1147.5042475 4057.53961204
4002.88466925 -109.544909396
-1588.25667102 3795.83600928
4730.03075524 762.344185858
4087.75950688 -396.276449945
4029.1088039 185.856348161
-1463.78216108 3434.04281923
-1221.23483189 4069.4524346
-1394.48625393 4035.32122154
-1085.19422466 3391.79358604
4543.60692153 -786.25990235
-1551.80765498 3537.36514694
-891.289104218 3784.77248338
-1073.71789355 4028.3818271
4915.16142349 -817.878155946
-1490.56214721 3457.7202815
5534.43555159 -325.705047531
-934.611159491 3896.23449023
-1080.37793584 4031.82526955
-1335.9581593 4057.13943102
-1085.00717954 4034.11561775
-1280.48827409 3358.19064808
-899.706317814 3817.72641739
5206.32629258 -712.488577333
-1238.33419532 4069.99004676
-1500.68031761 3957.97986171
-1555.969243 3881.05765667
-1595.12655294 3667.7961893
-1532.55900528 3506.9845966
-1532.18182918 3506.45184011
5316.42572714 570.440945628
-899.150368182 3610.10282207
4213.88560563 512.98718795
-1040.13468131 3417.86931073
-1088.87015651 3390.03636316
5556.26877728 -263.563644474
-908.124251463 3583.99327135
-895.594889294 3803.24582815
-920.310446043 3556.13314568
-902.486383946 3599.60894327
4847.04845522 763.296517876
-1457.75455812 3429.33389076
4450.06538008 -748.381424336
4177.12457469 470.84256376
4784.08450515 764.925154755
-1225.95729791 4069.68293639
3999.16056078 -15.012911836
-1596.89142535 3741.11215685
5562.25589521 -242.977336661
-888.257220221 3658.03154255
-1573.85579586 3583.94179931
-885.687146127 3747.66663919
5511.49390393 315.774401633
-1086.05892574 3391.37558627
-1216.62488015 4069.16689
-1132.1755501 4053.00917503
5556.90818157 199.460241368
-1521.06598887 3934.38663437
4018.83515111 -207.59028103
5582.76751758 83.1855430603
5545.55692199 234.104332004
5554.7872606 -268.359050038
-1402.80926276 3394.77560985
5459.46086954 407.30098432
5225.44438461 -700.577203732
4072.41660308 302.900036681
-1405.3430742 3396.07673806
4570.56474759 -794.704666395
5193.18973929 658.246640563
5435.52252429 441.59591183
-1256.4466625 3356.33432935
4559.25013928 729.288105373
-1318.68591671 4061.44497176
5440.67720362 434.528676582
-1532.12405718 3506.37042
-1196.78903251 3358.74812583
4541.34820038 723.504317116
-1024.3924458 3996.77837737
-1426.04789773 4018.2970284
3999.08442593 -19.4069435046
5239.7243882 -691.178929183
4251.17184598 550.263226855
-1408.12978522 4028.46257289
5046.23375151 724.312916677
4107.23448211 -431.742551282
-908.113285951 3841.97843079
-1034.77324015 3421.59045396
-1337.80749395 4056.62379009
5255.45267644 -680.306809417
-1132.06072003 3373.02759924
4527.6350411 718.754612358
-1060.66611997 3404.89499888
4131.45391154 -470.684646631
-1399.30574043 4032.98170658
-1085.47787353 4034.34384727
4690.07755377 758.054675088
-896.815124536 3807.79330937
4352.81846759 -692.884802965
5448.98643758 -484.781598857
-971.816616179 3947.49798693
4471.16224372 -758.148614526
-888.286873418 3657.8415887
-1193.56720142 3359.16510966
-899.647074849 3608.46684501
3999.00882801 -27.2511186979
5458.63739194 408.546825744
4900.0782008 -820.033948392
-1314.67485694 4062.31506617
-1455.08574465 3998.68565581
-1205.19252097 3357.80030343
5585.29431604 -126.136186808
-1124.80912619 3375.43714535
4003.78998432 56.1935266368
-1577.95908825 3830.93037288
4369.1983087 641.539158478
-1302.85191722 4064.60110969
-884.163689846 3723.80961405
-900.875011889 3821.46194016
-939.934969417 3521.14368043
-1424.14572321 4019.44190978
-1206.41183883 3357.67949805
-1234.23564641 3356.06409046
5589.78370001 12.9871595378
-1196.00279667 3358.84713513
-1592.73088118 3651.89036717
5020.67247893 -794.339984708
4644.74258359 -812.689649934
-887.668310542 3661.95377365
4240.73768286 540.322399175
-1530.02160497 3503.43971784
5521.4467516 -356.409153366
-1223.33917581 4069.56289107
-1561.38200545 3555.50596651
-1590.40777055 3786.23393939
4284.51572506 579.755110531
4749.15576709 -825.67874409
-1310.58262916 3362.84680821
4403.33520005 661.975240885
5450.73332303 -482.25359729
4183.09973256 -540.111051445
4968.13359694 745.943213892
-1591.07763128 3782.96179012
-1564.08361707 3864.8748708
-1576.99822397 3833.64076212
4384.04978509 -712.715425131
5526.48601186 282.917528113
-1591.92034242 3647.3957831
-1549.18974839 3532.81099094
-905.004312171 3592.35217466
5402.29160146 -545.59975787
-1462.44276027 3432.97838668
-1102.43293793 4042.01089542
4429.41665153 -738.081901426
-1215.91876441 4069.11786198
-936.160700349 3527.19902748
-1244.46546261 3356.01682033
-977.122311724 3953.45283452
4494.3731704 -768.047833811
-1456.99091159 3428.75199894
4062.0760145 279.545377479
-1323.43734647 3365.64847214
4800.98724466 764.97748266
-1591.90220764 3647.29885334
-1300.94343833 3361.06849501
5441.79497528 432.974417353
-1581.83779764 3606.79926694
-1580.24726475 3601.82314377
-1123.11687896 3376.02437807
-937.864613314 3901.56812387
-1572.64199179 3845.14609067
4462.20031299 -754.090843758
-954.356541445 3925.80161575
-1213.63871837 3357.05005932
4317.60508443 605.953761733
4750.15962266 -825.736019418
-1523.59390319 3931.15060366
4695.52903916 -820.760424401
-1063.13320857 4022.53578873
5445.11894997 428.305291596
-1528.13425911 3925.13891026
5189.40501522 -722.419325715
-1079.60222241 4031.43328562
-1597.99979416 3712.61663658
4080.57988718 -382.026925457
5307.56612903 578.009001061
4046.5497379 -301.994843419
4211.05990614 -571.952832311
5374.934926 514.244423724
5536.33223348 258.900878936
-1328.32449931 4059.15521348
5533.83642482 265.203878026
4056.10415978 265.055632104
5563.4859935 -238.473559282
-958.559725839 3931.34947111
-1504.29940618 3471.91407609
-1352.15301032 3373.74492149
5587.06484052 48.0524409248
5369.78155141 -581.674284997
-1533.54470579 3508.38671814
4072.32798944 302.708203606
4598.76704042 -802.432839316
-1541.13357881 3519.68979625
-1485.27717235 3973.34143555
-1484.04266458 3974.49428903
-1581.73189992 3606.45999635
4770.8485066 764.633524536
-1159.32917928 4060.53255537
5473.44212255 -447.331942499
4158.54582655 447.060754616
-997.183179088 3973.77261712
-1258.08221229 4069.59107956
-966.381157523 3484.89149214
-1259.77299667 4069.5060653
-930.771204225 3536.34470211
-884.651341692 3691.44463588
-979.120620182 3470.37232139
-1246.26977305 4069.96110361
-1042.83987345 4009.95380827
-1199.73676411 3358.39268851
-1533.01883703 3918.36309021
-1503.43157856 3955.03030094
-903.46349033 3596.73261575
-1496.83671975 3961.99110994
-1522.70022984 3493.6966017
-1596.75548908 3742.78308222
-1597.90161435 3721.38079202
5532.19005868 269.277900262
4945.23037344 -812.694847683
-1422.27342743 4020.5531572
-904.707785684 3593.18119267
4250.88968741 -611.999111647
-912.684068781 3572.79426079
5497.14776998 343.972677828
-1021.56435623 3994.59722698
-1512.80039078 3481.54039754
-1317.89600421 4061.62014362
-924.447105937 3547.94466001
-1391.76647991 3389.39766915
4144.26848649 -489.43701565
-945.728849656 3913.65878444
5590.96852616 -38.0785146414
-1201.06630679 4067.7594962
-1553.73676461 3885.17640972
-1449.55410064 4002.74848939
5589.95064895 -71.8590961009
-1597.66424705 3728.47949863
4944.3964737 750.854649949
-1009.09284625 3441.58137123
-1429.46663373 4016.19849599
5590.65550046 -7.58366828774
5529.60628217 275.544630035
-1586.70239789 3623.89976379
-1572.31224317 3580.02933584
-1567.11364017 3567.74541764
-1469.88006651 3439.0238785
-1478.87414824 3446.79539899
4983.25675343 742.417994869
-1537.8325475 3514.65827785
4392.50986548 655.744269445
-933.74753914 3894.782632
-1246.76914494 3356.04661794
-1407.76096745 4028.65769392
4605.29484026 742.064002762
4171.7824933 -526.192830458
-884.359031978 3696.99312872
-895.809439801 3621.93696057
-1026.8255767 3998.61918073
-1272.48068553 3357.39071098
-1471.68727932 3440.54380322
-1277.55975201 3357.87694452
-1019.9559492 3432.66354571
4037.42912592 213.340685809
-1597.1363876 3688.18320278
-947.880964176 3509.21032696
4790.85997849 764.989233735
4731.94388259 -824.498535636
-1237.27823572 4069.98059957
-1269.56637637 3357.14474552
5401.70252717 -546.29413302
-980.478945042 3468.91440042
-1519.90367087 3490.15085287
-1343.07184762 4055.09697152
-1307.61217565 3362.26959348
5048.0556716 -785.704463396
5299.46281193 -646.737989225
5358.01102106 -593.702932434
4904.58001549 757.421346873
-1072.47471067 4027.71928263
5228.84863837 636.376474703
5063.60050473 718.31286447
-1558.40628335 3876.40823507
-1410.56832107 3398.84146599
5060.86149029 719.289056285
-908.640570071 3843.3311526
4030.47180633 190.61372042
4988.3197851 741.168026201
4401.60031089 -722.991824093
-888.132115455 3658.84045738
-1529.79070352 3922.87836849
4121.08717981 -454.624256611
4304.56233522 595.966424116
-1584.3836535 3615.34414248
4002.06066195 -100.736691782
-923.138888523 3875.52173335
-1241.81809355 3356.00093736
-1563.77415347 3560.46854143
-1361.31737845 4049.11415984
-985.518083255 3962.35514877
-1060.3671396 3405.07018699
4005.87589922 73.3990113279
-1587.21540643 3800.08554615
-947.319646979 3915.97992573
-1160.99811973 4060.92053569
4002.57459439 -106.352349307
4002.60746319 44.6972100352
-1538.59149346 3910.20117398
-1317.59826296 4061.68568384
-1392.58031722 4036.22191669
-902.641811647 3826.85401343
-1390.0009125 4037.41906244
-1257.23733342 4069.63054973
-920.551525644 3555.64125292
4744.27322909 763.382020638
-1299.66085728 3360.85244027
-1347.18841271 3372.15836374
5277.33984306 602.217400109
-948.524268719 3508.28813759
4008.10651418 89.0609927574
-1182.82860959 4065.22874576
-1277.80504718 4068.09771684
-1448.44731498 3422.45807272
-1559.61538486 3551.96200284
-1369.6062352 4046.03068367
-1552.60055169 3538.7757302
-918.647655255 3866.4208781
5580.24921601 99.3827778045
-1343.21880313 4055.05308987
-1357.53176774 4050.44532462
5561.58877209 -245.377364706
-915.974386709 3565.32687887
-884.013162424 3716.06558278
-1535.11601498 3510.65186007
-1562.42832908 3868.34744692
-989.838703505 3966.70652956
4329.54461658 -676.730041152
-1585.40336508 3619.00360581
-977.261654781 3472.3943366
-1559.9900196 3552.70537316
5228.9353003 636.32012944
-1545.80540316 3898.85657429
5545.66806283 -295.789462499
-1523.83571018 3930.83700569
4141.59890081 423.624024412
5580.66228341 -158.87015455
5568.73687384 -217.941836039
-884.638632426 3691.65578062
-1597.08900244 3687.51231003
5214.08762135 -707.743352851
5587.0436348 48.2646236827
-938.511220615 3902.60363484
5255.7959369 -680.063251571
-1386.86624903 4038.84050914
-988.875261412 3460.25088291
5540.99535463 -308.681347709
5066.18106802 -779.382808693
-1524.02628665 3495.41065958
-1158.45455061 3365.6741461
5035.31216591 -789.858394508
-1468.75773163 3438.09016809
-1025.55155167 3428.34061387
5164.81822386 673.876217005
-1421.87226152 3405.21074578
-977.972425467 3471.6175337
-1429.23163706 3409.65555747
-1596.7766904 3683.47125866
-1374.76135477 3382.00619346
-885.695184154 3747.74892569
-1286.95187043 4067.03026086
-1524.82012104 3496.44714527
-1478.79209468 3446.7221006
5209.66215093 648.463980348
-1293.5416749 3359.8875924
-1001.47064599 3977.7162416
-911.291247804 3849.89827875
-1493.23429415 3965.63978478
5576.38752088 -182.820756847
4292.457483 -648.306259974
-1511.42277952 3946.06763035
-953.460501648 3501.41068815
-1008.53277491 3983.93908773
-902.657079889 3599.10062155
4114.18394443 -443.438478424
-1444.64598669 4006.21888088
-917.842180063 3561.28308132
4080.24462458 319.343764468
5492.10765229 -415.261526979
-1459.32352502 3995.4603307
-1597.22428405 3736.52146795
-1176.77571362 3361.82448685
-1556.73768793 3879.60946078
4037.53717582 -275.675438063
-1597.784976 3725.388741
-1096.28428659 3386.64687485
4798.54888845 764.992088774
-904.250665135 3831.52799445
-1578.60219536 3596.92348348
5120.10699286 -757.582027848
-885.49078441 3745.59137356
-884.07039464 3705.91079571
5510.57484981 317.666938958
4997.61612929 738.780945563
-923.705116996 3876.62443955
-1161.59063654 3364.94375024
-1119.61809568 4048.73119203
-898.719186288 3611.54634277
-1577.76690232 3831.47807183
4492.60951515 -767.326011134
4086.93942973 332.684243298
-1597.88258903 3703.84480213
-1329.07911244 4058.96397204
5163.53439638 674.548296495
-966.470060985 3941.21549593
-988.365047781 3460.76086561
-1583.52396722 3612.37032305
-1540.98452385 3519.45856917
4018.7322364 -207.137330516
5523.81124662 289.078376029
-884.431220324 3695.45846755
-1587.57430371 3627.35391423
-1595.13010123 3667.82399531
-1198.83313793 4067.50099541
-940.389621165 3520.43208955
-884.000308213 3713.46910969
4806.92169161 -826.910719408
4143.60045301 426.487300563
4469.7061765 -757.498402197
-1460.67919007 3431.59272673
5541.72749683 -306.706448029
-1242.06228302 4069.99841954
4112.28875651 378.293730725
-1478.92085898 3979.16285402
-932.709848669 3893.01717305
5530.48957053 273.41926949
-896.835598244 3618.13238401
5514.26500917 -371.989510964
-1301.37130648 4064.85835979
-1136.12648536 4054.24851051
-1592.22662846 3776.9441589
4882.42290425 -822.18470398
4669.81389981 -817.094422013
-1112.44761039 4046.05147219
4033.16647258 199.706906052
4753.52107927 -825.918548743
-1423.10686752 3405.93960073
-909.303025257 3845.00801849
4673.44782102 755.664520481
-1405.93447687 3396.38411547
-1369.20224669 3379.8135898
-1590.22865664 3638.9166322
-1508.29472814 3949.64853329
-1318.14961487 4061.56410734
-900.563201158 3820.47923518
-901.763655356 3824.21017252
-993.44039502 3455.77783536
-1416.78373969 4023.7234733
-1081.35689268 3393.68341997
-893.94358157 3796.67103696
-1597.96853095 3717.74003315
-884.002254123 3714.26863667
5360.69151355 -591.008135206
5583.56291842 -139.556546085
-1553.9244539 3541.16494493
-891.828227026 3787.35101182
-1554.61807787 3883.56582669
-1210.25112424 3357.32668551
-1457.47594427 3429.12121327
5590.15058646 5.76336280502
-1373.95073221 4044.32024207
5252.68428343 -682.261158599
-891.353270031 3785.08442427
-884.398465271 3696.13745485
-899.293501197 3816.37150805
-1432.72138993 3411.84902683
-986.197230462 3963.04909245
-1256.66005089 4069.65636516
-1428.25521933 4016.94815813
-1246.73595432 3356.04608305
-1403.16186423 4031.04485499
-895.226569544 3624.17582091
-1507.14181389 3475.05560545
4454.88039852 -750.676772371
-891.557882607 3639.93012528
4075.0570516 -370.555814342
5243.96034895 626.305564463
-1585.42873886 3806.90337505
-980.578314771 3957.1916171
5379.79617396 -571.027253875
4685.54390784 757.43856063
-1069.4491603 3399.91964386
5315.83950592 570.948676442
-1595.23494184 3668.65356855
5366.7459227 -584.825423644
5334.76670188 554.036671959
-1270.6017408 4068.77062406
-1536.11594528 3913.88698027
5512.50915376 -375.668847263
-1159.2233638 4060.50767153
5308.44142529 -639.271241139
-927.518595058 3883.81688662
4057.75310882 -331.138337191
-899.4781321 3816.97987183
-1461.5922163 3432.30786597
4296.1772974 -651.315977043
-901.955401762 3824.79338266
-1101.35817604 3384.44382368
-1561.8681584 3869.50119783
-1595.6167052 3671.81757176
4472.09718205 -758.564272184
-1028.20613366 3426.35078851
-1169.66688322 3363.19921891
-1055.77315451 4018.1884921
-933.763804018 3531.1898796
-1423.72698496 3406.30821829
-995.719014634 3972.39591018
-1509.8977481 3478.17453063
4429.60690576 -738.180236349
-1590.79297412 3784.37138963
-1462.49552307 3433.0201199
5238.5092075 -691.995902306
4590.88367192 -800.384510249
-1066.39307392 4024.38628962
-914.966586806 3858.4345677
-1393.09156969 4035.98166268
-886.606103897 3669.94228983
5461.03917414 404.898862707
-946.32591395 3914.53457026
4901.51327838 757.841505962
4190.77546335 -549.197558181
5531.16869971 -333.773257679
-892.041404292 3637.65480452
-1523.59963849 3931.14317392
-1291.36381278 4066.42960595
-1081.79995085 4032.53770412
4392.70440513 -717.858249095
-994.788719563 3971.51306618
-967.609430569 3942.57917272
-889.525072916 3650.43502872
-1523.23600681 3494.38655929
-1532.48461334 3919.12064474
5586.6590408 52.017848177
-997.392597567 3973.96826144
-1316.74998803 3364.12905063
-1158.80116956 3365.59195134
-1484.26131914 3974.29089271
4665.92023369 754.464457458
-1477.01569564 3445.14632463
-1582.88697836 3610.22697813
-1437.79584006 4010.85969404
5574.13523266 131.985549133
-950.398702731 3505.63586128
-1490.79599518 3968.05089844
5210.85568254 -709.734153628
4167.45146454 458.692593002
-1390.44112241 4037.2165186
-1268.92879218 3357.09413805
-964.221810414 3938.48355543
-1535.300235 3510.91988797
-1088.43775727 3390.24039582
-1387.5689345 3387.47496649
-901.62453154 3602.21511201
-1021.70560866 3431.29275848
4689.85016574 -820.024405424
4110.59623252 375.457233984
5323.56593698 564.17564657
4000.49527729 17.7672594115
-1099.15056412 4040.60912311
-1552.16530656 3537.99956573
-1371.51539221 4045.28712343
-1194.98969017 3358.97732927
-986.896176301 3462.24065963
5262.78140988 -675.047011149
-1066.10283618 3401.77663634
-1594.21700906 3764.83381626
-1044.70039981 4011.18696646
5235.20049169 632.203986051
-1566.64958448 3859.29199611
-1511.16804674 3946.36286448
-1334.08412987 4057.65104782
-1582.87002103 3610.17058436
4237.94744129 -599.602186798
-891.689237153 3786.69525737
-985.228813712 3962.05842741
4002.11341746 39.3339692625
5420.63024115 461.141038074
5191.17527812 -721.406509966
-1190.71846463 3359.55867927
5230.85685793 635.066662878
-1574.85831014 3839.44219528
4000.46943805 17.3444529895
-1353.9911669 3374.35269645
-1038.59466275 4007.07665574
4666.90503901 754.625662112
-1008.52081049 3983.92882173
4239.61088406 539.227086249
-1528.63704346 3501.54331121
-1129.78279098 3373.76596218
-1597.29263328 3690.53759879
-1567.92445243 3856.42036954
-1576.60429245 3834.73232474
5561.78097621 -244.688873191
-1204.04833489 4068.08248964
-933.881378558 3895.00866013
4286.6103633 -643.499777385
5590.74726623 -51.0571254296
5385.28120293 -565.026311588
5151.47365581 -742.718014888
-1496.14947657 3463.30469647
-1518.99748255 3936.97856972
4002.58536525 -106.465532733
-1413.32456155 4025.65515426
-1487.13652321 3971.58424534
5260.46749542 614.721310399
-930.704644047 3889.53835865
-1565.28883397 3862.28413232
-1530.59950354 3504.23906604
5164.86132761 673.853600641
-887.644257492 3763.8794579
-1031.80726111 3423.71225744
4605.78847931 -804.184971685
-930.704430671 3889.5379836
-1587.75013654 3628.0685994
-1048.53769151 4013.67800021
5575.71707066 -186.23161915
-896.854548356 3807.93633716
-1495.68657827 3963.16743762
-1592.54479932 3650.82883245
5254.77370868 618.787762892
-1066.17473931 3401.73624011
-884.069270647 3720.03238535
-924.027699454 3877.2484724
-1324.21422795 3365.83376854
-902.667599422 3599.06937761
5561.48763866 -245.73867788
5279.23961531 -662.765775398
-1584.20503925 3614.71825688
-1041.80965507 4009.26374481
-1319.63002076 4061.23314006
-1364.81958583 4047.83982763
-1074.58775 3397.15832598
-1404.96408975 4030.11949999
-1038.08808573 3419.27265186
-956.057148445 3497.92659079
4489.47569205 704.031221957
5444.17653695 429.636324966
-1062.92008459 4022.41322488
-1597.15769652 3688.49091573
5567.27215077 161.90340886
4537.13244711 -784.073917464
-1549.07367092 3532.6126022
-1142.69533916 4056.1984756
4378.03598672 -709.053841248
-1500.95398059 3468.31054788
-1589.62831337 3636.14104398
5462.97614508 401.924785154
-916.440735795 3861.69527235
4732.04674382 -824.506702893
-1592.53897706 3775.20408032
4885.15300798 -821.878268227
4000.17311208 12.1997481275
-978.809413047 3955.29134552
-927.450501442 3542.30813741
-1218.26096398 3356.72491493
-1582.66619091 3609.49534317
-1017.34055781 3434.74570279
4146.10656039 -492.035035585
-1539.29372248 3516.86266259
-1308.51541378 4063.55765418
5578.12014818 -173.614282313
-1584.70644764 3809.51361483
-916.431764102 3564.32431185
-1445.44105264 4005.66509186
4009.23339494 96.2275220801
5570.43621955 148.762814333
-884.920155936 3738.61532063
4973.8060199 744.65740327
4201.25873817 499.176681874
5036.36644925 727.523722225
-1342.04785554 4055.40083366
-1207.47258349 4068.42216074
4435.37801582 679.132402087
5590.022773 -70.4308308046
-1597.20903937 3736.75121616
-1318.35668349 3364.48178883
-1517.05539777 3939.36788059
3999.60994142 0.155331981228
4239.36569093 538.988170568
-1588.53698516 3794.65196842
-1011.96678396 3439.15189256
-1594.95048187 3759.56239238
4391.91371818 -717.394528978
5516.00963727 -368.284898799
5398.27494815 488.302741118
4552.43573994 -789.141530153
-888.413019319 3657.04089838
-1470.89976156 3439.87896523
-1449.33083754 4002.90905838
4870.28102157 761.432184979
-950.717145821 3920.80968353
-959.123936146 3932.0773485
-1485.35043414 3973.27267497
-884.457089977 3731.05971518
-1307.66926442 3362.28044083
-1594.85585997 3665.72389223
4079.25913459 -379.326016227
-1333.53878393 3368.20212665
-1502.26178113 3469.7074154
-884.143587793 3702.87571894
-1482.74948754 3975.69028393
-888.357406018 3768.60756162
-1596.60133407 3744.5704166
-1106.37610085 4043.64392596
-981.083682668 3957.72945876
5534.16816136 264.375065346
-1310.85822629 4063.09831222
-1511.70890192 3945.73523675
-1580.24661486 3601.8211607
-1425.47415453 3407.35594835
-1038.53698072 4007.03694636
-960.347190308 3492.3577547
-1582.41493057 3608.66953855
-1539.54013371 3517.23792869
-1041.25211079 4008.88812203
-1156.43352957 3366.16068262
-1104.62835641 3383.07307654
4766.62856378 764.494224748
5369.40512529 520.066921558
-1348.17805708 3372.46826274
-1444.40528572 4006.38590583
-898.589124338 3611.98617803
-1062.23650392 3403.98121017
-1231.98738889 4069.88621834
4038.1382438 215.528460847
-1298.51183649 4065.33703845
-1237.49513992 4069.98279504
-977.230762872 3472.42820293
-1479.75472847 3978.41510815
4296.63972315 -651.687549784
-926.983167239 3882.83058836
4026.14995918 175.120388909
-922.642596516 3551.45259629
-1596.72446205 3743.15140294
-890.916648631 3643.06683838
-937.749335107 3901.38268031
4002.77465032 46.4273551858
-1595.59677575 3754.35367729
-903.720103741 3595.9902928
4160.78226042 -512.023761162
-1596.6159547 3681.59470169
-1063.54964869 3403.22528699
4621.82714359 745.934464291
-885.46242381 3745.28051916
5079.59003785 712.387187378
-1561.76430937 3556.28606368
-1540.35100428 3518.48013923
-1002.35014005 3447.49059462
4189.84245576 486.107674138
5223.37416071 -701.90355375
-1204.00948564 3357.92155536
-1184.20939437 3360.54599291
-1593.4659398 3769.71649922
4001.07044328 26.374724165
-1028.05270072 3999.53524692
-884.3461689 3697.28234237
-1023.17303355 3430.156558
5505.47823194 -389.938270374
4914.05064047 -818.046977634
4051.57567295 -315.493005108
4041.7894894 226.468302354
-1312.0064765 4062.86723238
-1062.55223416 3403.79877933
4115.29303386 383.263732635
4919.28758025 -817.236985518
4434.15597468 -740.512219337
-1529.3423356 3923.49393697
-900.854654955 3821.39808229
4186.31160537 481.946818146
-1557.83399676 3877.51510111
-1455.50680882 3427.63036432
-1419.77284256 4022.01338282
-1523.87578356 3930.78496522
-1596.88943832 3684.86269924
-1362.98073009 3377.48591462
-961.671757048 3490.68326044
5553.51791748 210.384690604
-1202.20427897 4067.88574504
4100.51888238 -419.988402482
-954.943659797 3926.59019226
4854.80335807 -824.750312355
-995.217376526 3454.07935193
-987.399218472 3461.73192879
-1038.96288436 3418.67024632
4658.04088826 753.128944569
5165.96442897 -735.273663033
-1280.05065637 4067.85778311
-1402.25552258 4031.50534758
-1023.4927885 3996.08940805
-1098.89996375 4040.50050336
-1596.48241481 3745.88240804
-940.532996131 3520.20845562
4170.50539228 -524.581285023
-1483.86806117 3451.34353656
-1592.62448415 3774.71889618
4080.21176874 -381.276725544
4695.33626021 -820.736119834
5552.00017013 215.103113395
-1115.17297268 4047.09064518
5563.08869145 -239.939613428
-1152.3012172 4058.80561871
4179.82816648 -536.153061208
-923.537861484 3876.29969568
-1548.76177611 3893.91901272
-1331.06049501 4058.45348057
-1535.67787892 3511.4709756
5431.92851478 -508.428598913
-1465.54792646 3435.46220308
4276.70527161 573.141187573
-909.140943319 3581.39997531
-1544.12395457 3524.41349951
-1116.17248878 3378.53461697
-922.961037903 3875.17342134
-924.271031075 3548.28278705
-1578.93273079 3597.88931648
-1197.60009053 4067.35215233
-1363.06599543 3377.51692627
-1316.43378812 3364.06054449
-896.700069142 3618.62543981
5185.52883244 662.616054482
-963.548274711 3488.34573199
-893.84421256 3796.25778791
4060.62107447 -338.088902008
4353.37700046 631.25759813
-1564.06934338 3864.90523155
-1465.07283655 3990.92150676
-1536.50337419 3512.68336105
-1406.07654914 4029.5418344
-1359.33248007 4049.81808764
-1035.53647289 4004.94817867
-1090.90534031 3389.08551571
-974.966986892 3951.06603272
-1012.57709751 3987.35739031
-1399.72964939 4032.77163477
-1575.26876943 3838.35306052
3999.00039705 -30.2049529835
-1117.63860797 3377.99109421
-1278.48212034 4068.02688723
-1186.2650233 3360.22091569
-1096.74667557 3386.44222809
-1494.60951912 3461.74074781
-893.933064377 3796.627401
4358.78404394 634.831540015
-1073.6480246 3397.65524211
-1352.48846402 4052.14498727
-1433.42717755 4013.70048444
-1106.00596316 4043.49298029
-1247.9633904 3356.06791795
4687.55571681 -819.715237592
-1141.76402387 4055.9303443
-896.895592547 3808.08499762
-1576.76407138 3591.7090755
-1596.87742324 3741.28886051
-1034.91520276 4004.50995926
-1248.54502254 3356.07973911
4061.08988721 -339.207635114
-1149.17801713 4057.98945413
4029.99102912 -250.948345014
-1030.5876495 4001.40187717
-1572.06170257 3846.59322247
-1549.48253432 3533.31269934
5573.03708537 -199.149617264
-1258.35660487 4069.57782919
-903.784254193 3830.19445712
4741.96799456 763.23145644
4821.36833351 -826.563140793
-957.5036602 3929.97655477
5453.64314565 -477.995756908
5497.24066979 343.798668204
-1570.67466255 3576.01964787
-1486.88099957 3454.17277181
-914.554927367 3857.50818162
4023.60879383 -227.396555571
-885.696420909 3678.23843091
-896.845013047 3807.90176476
-1408.82342838 4028.09410799
-1260.84230244 3356.55185085
-1582.32573181 3817.62191358
-1330.05906661 3367.2869938
-1023.18665914 3430.146065
-892.208238584 3789.11377778
4582.50023392 736.111367023
-1019.2906013 3433.18945244
-1594.97760264 3759.35576373
-1408.47685642 3397.72154757
-969.797769844 3480.83981746
-1047.54364288 4013.0393939
-1423.58321451 3406.2226055
-927.299089375 3883.41343454
5560.95874995 -247.617620193
-1593.54010368 3656.74633078
-1414.65155902 4024.92007959
4384.72816183 -713.123902822
-1028.5834875 3426.071045
-1056.3571866 3407.4578074
-1075.55216676 4029.34793263
-1172.90228743 4063.44500502
-1597.99758037 3711.6856139
-1445.18679017 4005.84254254
4848.82946865 -825.177806479
5356.44573991 533.264726114
-1313.07586834 3363.35150622
-975.989278682 3952.20350663
-1177.79607637 3361.63941024
-1428.9408439 4016.52469289
-920.730943705 3555.27640766
5455.8041948 -474.794790562
4512.96899696 -775.361816136
-1096.85255351 4039.60452182
-937.821502517 3901.49880282
4004.37780506 61.3717752634
-1400.89902873 4032.18850326
5387.63103579 500.417402259
-895.297769262 3623.89911525
-887.462004244 3663.40276664
-884.220504917 3725.5455924
-1330.38524436 3367.37118452
-1508.26417481 3949.68303881
5551.12999752 217.763797293
4498.44695455 707.696345756
-1538.18867775 3910.8077092
4474.92281012 697.811767549
-995.423984319 3453.88338432
4001.01307977 -87.5753524108
-1534.52909657 3916.19859612
-1484.24276849 3974.3081621
-1301.06484211 4064.91080509
-894.900003975 3800.54309083
-940.632950904 3905.94723584
-1240.86503961 4069.99997449
4109.37049609 373.386180987
-1069.96833541 3399.63572363
5337.26660649 551.720282366
-989.60454129 3966.47450235
-1553.89051489 3541.10315392
4643.51699449 750.453068995
-891.797299673 3787.2056203
-888.673041695 3655.42644312
-1555.64309132 3544.3325014
-1566.49437506 3859.63700693
5447.2208238 -487.315676921
-1144.49259018 3369.29181003
-885.86544044 3676.55216596
-885.115450859 3741.19907238
5585.14749496 65.3479953743
-1295.37899021 3360.16586698
4113.51485863 380.331985257
-1449.22300894 4002.98651443
-956.742014393 3497.02222888
-906.951091711 3838.93778969
-1548.68218064 3894.05434465
-908.330884642 3583.46135832
-1498.42745595 3960.34612372
-1147.22060603 3368.53748351
-1566.59734305 3859.40823133
-897.844062645 3811.45304799
-1340.7746725 4055.77399949
-956.312838578 3928.41174555
4765.30532011 -826.445929015
4191.32505675 -549.837703802
-1144.48575566 4056.70627088
5013.79254006 -796.34033241
4635.58956416 748.874549491
4642.92190896 750.337477806
-1316.42578868 4061.94118473
4946.49342664 -812.45104881
-1577.04481244 3592.4890709
-953.065651182 3924.05167796
5227.65480236 637.151047292
-921.555697767 3872.38738272
5526.84835731 -344.071847822
-1398.81153392 4033.22573251
-1560.46457275 3872.34675007
4111.96068996 -439.746010298
-1581.11287608 3821.49991485
-1489.69729888 3456.87765906
4249.37228082 548.574319704
-1265.97485942 4069.12533804
4067.42583637 -353.880529641
5353.18217581 -598.493311514
-1597.2982871 3735.3725414
-1017.29551016 3434.78191787
-1582.38204447 3817.43801854
-1410.85612053 4027.00302279
4881.05902759 760.334217489
-1563.73282413 3865.61888556
-1296.37799439 4065.67871744
-927.210698498 3883.25062192
-1508.90273022 3477.03998825
-975.576869846 3951.74581039
-1406.6771473 3396.77210296
-1437.35443455 3414.8491388
4100.94693303 358.751639159
-1588.41597528 3630.83467811
-1070.4195095 3399.38989771
-1360.77740727 3376.69303797
5245.14520377 625.494703345
4026.03570963 174.693753286
5288.25547084 -655.751983182
-925.048172086 3546.79698427
-1127.37216415 4051.43421062
-1171.99524565 3362.73246814
-1010.47864522 3440.40340246
-1528.16904933 3500.90818708
-1305.55206114 3361.88458963
-897.296729915 3809.52493011
-1597.99933633 3713.68837743
-1588.65421172 3631.848604
-1562.16854124 3557.11617109
-1153.27531488 4059.05401258
-884.008256763 3715.42801583
-1551.08116868 3889.91429798
4189.9056101 486.18157287
-1434.45000464 3412.95651031
-1416.99227285 4023.60540868
-1441.78478041 4008.18548737
5273.25230807 605.310246519
-1384.11565158 4040.05796164
-1388.77741749 4037.97820678
-1049.29160949 3411.84075142
-1593.00520688 3653.49088866
-1239.67979484 3356.0024411
-905.815495943 3590.11652577
-1596.84060702 3684.25174098
-1527.70162381 3500.27675513
-1093.498014 3387.896687
-884.605345983 3692.2189849
-1230.63554525 4069.84951741
-999.223715225 3450.33437964
-884.283401825 3727.22211611
-993.09612487 3456.10961735
-1167.51329893 4062.35469764
-1596.86346767 3741.46387852
-1026.42229163 3998.31632808
-972.826474355 3948.65220165
4346.43841018 626.577752159
-888.594735356 3655.90771111
5582.74192786 -145.361947728
5590.97904304 -25.2239255433
4321.10992761 608.565633297
-918.157683048 3865.38713327
5560.34582548 187.773324292
-1204.32891198 3357.88842415
-1451.32770418 3424.53638557
-913.997462518 3569.75775595
-1594.89385436 3666.00915149
3999.74013923 -65.3184185052
4566.96727498 731.638234237
-1514.09871258 3942.92627772
-1170.41304914 3363.04788561
-1423.8928075 4019.59292386
-1024.60581659 3996.94111605
-907.828621119 3584.75869505
-1300.1274603 3360.93048493
5402.29696898 -545.593423464
-1467.66808813 3437.19104833
-1174.58788099 4063.768343
-924.424454557 3547.98810944
-1543.35637003 3523.18528639
-944.160042715 3911.33063243
-1242.6039064 3356.00360298
4713.32232538 -822.798432347
-1551.66101942 3537.10590966
-884.082418532 3720.67072611
4680.70080421 -818.751035443
-1016.38393622 3990.48265512
-1597.28851513 3735.52762711
5426.02383957 -516.206053022
5355.86891979 533.838078403
-1388.64486485 4038.03844985
-1597.91775504 3720.66264555
4032.37872224 -259.089426994
-1227.66818672 4069.75098143
-1536.65007585 3512.89994341
5575.22972058 126.662878076
-1082.33623209 4032.80432885
-1100.88282092 3384.64626372
-986.543042754 3462.59900777
-909.778761479 3579.80281102
-1360.13375405 3376.46449126
-1423.42816249 3406.13037698
-921.841570695 3553.0409521
-986.392998557 3963.2484262
-1422.86272345 3405.79493849
-1279.4814796 4067.91995679
4051.00555736 -313.998709041
-1380.25643787 4041.71970508
4072.07943326 -364.169407632
5555.68906094 203.452879197
-1504.61113899 3953.7450257
-1444.97106944 4005.99283751
-1068.75082863 3400.30330516
5539.68984861 -312.163705644
4242.8707747 -604.384093404
-1270.81009893 3357.24677373
-956.400372955 3928.52738175
4107.74259307 370.613317291
-1192.25125095 3359.34400971
4047.24517462 241.907898607
-1176.03782539 3361.96023606
4829.22539091 764.263869805
-1041.05602411 3417.24434662
-1123.00805915 3376.06246589
-1593.06599299 3653.85157161
-1032.08275505 4002.48676094
4000.76170357 -83.9294670549
5588.89330933 26.8741168872
-1535.20793502 3915.21446776
-1579.44789412 3826.58707219
5590.92668302 -41.8034836951
-1109.39013035 4044.85515245
4035.06175281 205.875200169
4033.92060056 202.182648887
-981.387383803 3467.94839419
4315.6471371 604.48157552
4016.90573474 136.884824699
4111.33580476 376.699973205
-949.712744513 3506.60054557
-1496.96223144 3961.86208244
4202.45576944 -562.514190621
4650.25108694 -813.728402557
4926.95182738 753.987079672
-900.649011949 3820.75066094
-915.213385426 3858.98658077
-1528.30212464 3924.91151262
-885.895834966 3749.74278127
-931.132284131 3890.28789768
-1100.61138172 3384.76222664
5367.87999895 -583.652247626
-1587.2173652 3800.07775856
5586.88888564 49.7959949753
4229.98360739 -591.689286577
-884.143135023 3723.10830941
4090.60657974 339.736981567
-1480.85821049 3448.58169719
-1331.96000022 3367.78227398
-1566.09980699 3565.49028677
4822.0771714 -826.539330762
-1394.92652229 4035.11120089
4585.50459322 736.93728555
-1452.50595288 3425.3991796
-917.322890784 3863.60587296
5481.83340877 371.338002927
-1012.58361348 3987.36281521
-903.244856526 3828.63071848
-894.150888959 3628.47370723
-1445.77922205 3420.57142716
-1269.63622066 4068.84964081
4561.01755484 -791.833894721
4535.85634807 -783.635747
-1175.06258933 4063.85788843
-1167.57496299 3363.63233701
5375.30103915 513.854754925
-1596.82449184 3741.94703798
-1533.50458454 3508.32936697
-884.015656928 3709.65652848
-1440.33306586 3416.8322623
5165.93485306 673.289240858
4357.06878367 633.704633477
-1262.2362934 3356.63218461
4164.57402287 -516.982599858
-1430.42206696 3410.39748753
-893.547979378 3630.98723657
4354.81587457 632.214848836
4392.90267602 655.97433871
-1421.20787754 3404.8212842
-1031.97152741 3423.59354249
-1356.56891015 3375.22370271
5161.10494456 -737.811976109
5529.94993479 274.719795493
-1008.16341559 3983.62173778
-885.966866526 3750.42290924
4282.70533828 578.23737539
4563.38080954 -792.556662772
-1120.2774344 4048.96884105
4263.74883426 -623.780059461
4277.09594954 -635.4761323
-1337.33917611 3369.24461728
4316.01746485 604.760749828
-1091.74094697 4037.30037787
-1385.31598234 4039.53008627
4018.25336246 143.013393371
-1567.7815314 3569.25428446
4691.03668226 -820.181619505
5568.31127916 -219.694635653
-1160.84017377 3365.11582063
-1500.87283669 3957.7756294
-954.386923919 3925.8425348
-1361.06109518 4049.20579029
-1509.7917321 3478.05318739
4904.61252121 -819.41682833
5543.39440712 240.149057513
5250.81752511 621.569064394
-1495.95241001 3962.89651585
-884.50574215 3731.99589746
5464.01101121 -462.323853823
-1337.95113596 4056.5832901
4310.25750909 600.380010382
-1592.23099726 3649.07984225
-1082.80640919 3392.96283368
-1396.41477904 3391.60422147
4339.82164382 -684.01505654
-1047.87632764 3412.74636193
-903.101677275 3828.21164655
-1246.01102145 4069.96482973
-1335.11083997 3368.6278905
4139.4867561 420.573235551
-976.290727189 3952.53705535
-1564.00686189 3560.96195486
4074.07524641 -368.466294104
-1419.87447583 4021.95456283
-1559.88418722 3552.49493734
5299.37668205 584.808543793
-1115.55025829 4047.23249738
-1119.56828785 3377.28681991
-1516.86658173 3939.5979459
-989.210397496 3966.08298258
-886.201955009 3752.58973693
-1597.89300064 3704.26008614
-1104.3234105 3383.19928762
-1441.53339731 3417.64367865
5587.24138189 46.2631400871
-1187.71380909 3359.99917584
-1569.06117373 3572.19919642
4344.39951089 625.182291149
-1561.427251 3870.40195937
-1597.7132935 3727.30476275
-1576.7099758 3834.44057043
-1079.63011222 4031.44742002
-1457.28266407 3428.97392862
-1143.10593232 3369.68418109
-1369.34317718 3379.86785074
-1350.1237751 4052.91322673
4252.97725915 551.947123158
-1562.54201141 3557.88799242
-957.779705875 3495.66324518
-1020.35389532 3993.6497755
-1547.19344389 3896.56082076
4077.21400109 313.091935064
-1064.12710888 3402.89521063
-1280.03322986 3358.1402996
-1156.08971877 4059.75530874
4235.43999754 535.134792822
4400.26907758 -722.233317254
4019.58816222 -210.867956642
-896.835641626 3807.86777337
4779.63233502 -826.851641245
-1547.78646708 3895.56796986
5188.41875956 -722.980982129
4913.90174491 -818.069485533
-1597.9756809 3708.83307709
5506.25940709 326.387822722
-1490.59173678 3968.2507883
4823.89134561 -826.475511973
-1076.97968746 4030.09042413
-1597.92467795 3705.66690598
-1200.88599273 4067.73915265
4003.93694114 57.516873588
5481.99135154 371.068256522
-904.646878308 3593.35227738
-895.53691677 3803.02365314
-1386.39191311 3386.94756311
-1232.21635158 4069.89192695
4789.39229707 -826.980247034
-1447.93491244 3422.09289797
-1587.53807197 3798.7925677
-1553.57111999 3540.52305966
4256.05162853 554.790622055
4107.64400926 -432.444569022
4347.32862114 627.184120556
-1597.32141388 3690.99886348
-1596.69449272 3682.49708458
4197.66621159 495.125788405
-1585.87236488 3620.73921775
4055.20367725 -324.798231527
-1530.67019766 3504.33717008
-1492.42121348 3966.44895622
4003.37626942 -114.353879269
-1053.45059238 3409.23328079
-1591.77139393 3779.3960029
-941.720786589 3518.36970323
-1175.2875695 3362.09990528
-1584.97010551 3617.43030544
-1578.13244362 3595.56612303
-1319.96315691 3364.84224861
-910.402181231 3578.26291444
4463.22583452 -754.561955276
-1376.8215364 3382.84623242
-1558.48202801 3876.2610238
-983.642897077 3960.41932337
-1528.68511659 3924.39128103
-900.260970547 3819.51719959
5262.29208692 613.402130277
4060.63956343 276.13311316
-1138.85993681 4055.07661056
-1434.5760299 4012.9621987
-1594.85515916 3760.28135294
4879.91706894 760.457573975
-1153.66157085 4059.15169911
-1134.90552651 3372.1291114
-925.119326408 3879.33820983
4027.60479498 -242.472455201
4864.27720378 761.979614515
5142.36455473 685.207976859
-1384.71781891 3386.20619876
-943.061119354 3909.67593498
-977.01938979 3953.33983738
-1414.88215637 3401.20840984
4536.11939675 -783.726267154
5589.22292325 22.1596480716
5374.31874811 514.899064012
-1579.20881836 3598.70303949
-1397.15139421 3391.96146324
-1576.73975175 3834.35822632
-1001.7607619 3977.97846507
4459.30162359 -752.749679653
-1597.99866646 3713.9757797
5423.62241542 -519.313279396
-1596.37592095 3678.9859616
-1586.97728738 3624.97320513
4181.21773241 -537.840535069
4128.20261032 403.738129353
-1594.27390405 3661.55538206
-1150.91425097 4058.4468958
-1535.73311232 3914.44823777
-1225.461823 4069.66169553
5240.57026444 -690.608322756
4279.11351198 575.198920718
-1532.03575114 3919.75393965
-949.509132303 3919.11179988
-1213.67149874 3357.04754107
4084.45629589 327.808646148
-1141.6228348 4055.889456
4919.54460285 -817.196312571
-1554.13236027 3541.54410202
-1209.69988644 4068.62522814
5567.01210312 162.941518616
5075.71314941 -775.859804091
-892.261252465 3789.35630929
-884.237290549 3699.98580984
-1488.00677293 3455.24691248
4724.59357529 761.880151952
-1151.91241316 3367.29434215
-1573.56419784 3583.19224092
4985.58428784 741.847740003
5087.08167278 -771.47572305
-1033.97673453 4003.84423246
-1399.94210559 4032.66608683
-1433.65108319 4013.55708301
-1526.9731165 3926.70160655
-934.526862069 3529.90653827
-1438.85084 4010.15996553
5571.20104088 145.431131414
-1072.24498499 4027.59616163
-1497.46379449 3464.65483271
4863.555187 762.042360996
5191.72325654 -721.091774855
-1525.79635977 3928.26735345
4001.98491406 37.869975131
5012.08421987 734.826639313
-907.443966181 3840.23746423
-1577.72651115 3594.40718113
-894.574261511 3626.75495544
5541.81502233 244.46927674
-1015.39181507 3989.67661067
5559.2825993 -253.459228631
5339.86788248 549.288713183
5392.92739192 -556.451076692
-1595.85874247 3673.95806243
-1430.19073269 4015.74719927
-944.040509567 3514.84838875
5158.6316298 -739.087591904
-954.10354301 3925.46040329
-1589.78107909 3789.16271312
-1273.89868729 4068.48090859
4291.08097608 -647.183103738
-1343.84384467 4054.86568066
-1555.85737901 3544.73285857
5526.06481192 -345.897190787
4518.3950648 715.395143219
-1214.55500306 3356.98081212
5049.29380942 723.288180003
4320.53808198 608.141524505
4606.42300052 -804.339973922
-1134.11418147 3372.37642213
-1056.49522198 3407.37443352
