1372
568997.383427 -296507.124687
568984.379451 -296528.960385
568245.326829 -296534.694931
568653.886807 -296731.096187
568259.055539 -296031.612704
569050.812733 -296249.182075
568830.083563 -296675.720168
568302.989086 -295980.760936
565932.921012 -294542.117621
568211.49584 -296113.015529
568737.599481 -296714.9893
568413.669502 -295900.740708
568198.337637 -296145.843197
568838.352464 -296670.910395
568265.764865 -296022.763509
568408.98348 -295903.157391
568749.119959 -295874.584708
568718.980697 -296720.045773
565607.909719 -295731.944978
568271.451889 -296015.610584
568707.752557 -296722.676568
568862.02383 -296655.749407
565658.770448 -295930.366742
567261.269178 -294068.36538
566864.949553 -294054.894215
568277.815223 -296007.9541
568460.763542 -296705.824491
568820.596084 -295905.051722
568539.606638 -295859.1643
565692.510675 -294933.01288
565620.607977 -295159.87087
568277.503967 -296008.320511
569047.651474 -296361.396611
568441.038354 -296698.005175
568779.44704 -295885.697431
566123.125253 -296594.792215
568174.28701 -296259.37096
568802.871237 -295896.075683
568267.777827 -296020.196681
568277.05718 -296577.15211
569010.896379 -296105.174359
568180.974499 -296376.390446
568218.174492 -296487.197885
568174.878888 -296252.381145
568907.323742 -295965.931911
568723.000642 -296719.028002
568663.113198 -295855.863102
569052.998958 -296293.957759
566078.489319 -296557.670045
568399.406187 -295835.217127
568337.774368 -294933.706368
568454.155982 -295882.672597
568259.747651 -296555.321897
569014.189917 -296112.316158
568944.757702 -296003.972619
568183.856015 -296390.136192
568340.503323 -295947.535731
569041.490969 -296193.022555
568432.664717 -295891.653285
567110.547014 -296903.80439
568334.417004 -295952.42473
569044.797633 -296377.562429
568163.210863 -296329.356624
569033.525048 -296163.544663
566291.736926 -294243.391259
569028.594916 -296437.502132
569039.7647 -296185.893087
567691.512648 -294217.146581
568790.2686 -296695.71062
569042.948333 -296199.488336
566424.673188 -294174.535315
568486.535023 -296714.433992
568456.262017 -295881.863521
568310.279244 -295973.688015
568188.225854 -296407.747222
565707.512057 -294897.884055
568207.991089 -296464.952847
568802.752073 -295896.018702
569044.121443 -296380.944876
568568.440044 -295855.262167
567709.307491 -294226.865164
568203.535515 -296131.94462
568360.320696 -296653.212672
566323.757923 -294225.167586
568735.244638 -296715.677476
566268.704616 -296696.812772
568304.022305 -294857.870371
568708.89101 -295863.576067
567281.094603 -296882.024435
566360.100951 -294205.777268
568655.233878 -295855.031623
569013.541828 -296110.883982
568224.29378 -296086.826592
569028.96559 -296149.568386
568242.203663 -296529.875656
568880.270602 -295943.47686
568212.660368 -296475.560069
568310.593306 -296612.609436
568393.553826 -295857.117547
568508.403534 -296720.38692
568366.212241 -296657.27435
568513.241173 -295864.458081
568322.829112 -296623.758002
568247.651424 -296201.893418
565751.611976 -296146.888573
569046.013185 -296371.099818
567242.934208 -296888.717393
566049.733289 -294421.935937
568742.084485 -296713.639033
568179.704071 -296369.515605
568281.655462 -296003.499055
568739.323948 -295871.523713
567943.748876 -296564.347932
567936.725236 -294383.691906
568890.44554 -296634.502522
566362.088647 -294204.755226
568398.670818 -296677.269439
568173.788376 -296319.327721
566018.189167 -294451.68631
568784.25876 -296698.302896
568459.631687 -296705.405335
569012.622823 -296108.87613
565684.500463 -294952.909377
568598.782213 -296732.770229
567939.785109 -294386.278907
568307.816501 -296609.959038
568850.544947 -296663.367922
568627.884105 -296732.748182
569043.529285 -296202.200581
568174.091817 -296323.97752
568341.255928 -295946.943416
568188.862894 -296410.079951
568767.015634 -295880.835974
568797.010501 -295893.324963
566942.136548 -296905.142471
567914.377582 -294365.235652
567054.271863 -296906.46064
568792.013411 -295891.061947
568262.20751 -296558.602389
567383.992993 -296858.573079
568691.815064 -295860.116429
568136.565623 -294589.87512
566454.078561 -294161.603809
568795.940202 -296693.166069
569041.969139 -296390.905453
568957.102694 -296018.785967
565670.095629 -294991.065609
568415.266588 -296686.066785
568996.32171 -296509.019598
568524.346598 -295862.023696
568236.283813 -296065.656836
568294.673633 -295989.242985
568295.594938 -296113.377723
568403.28685 -295906.192044
568488.502551 -296715.019413
568753.206959 -296710.063555
565597.84319 -295668.223892
568903.945504 -296623.07683
568189.08204 -296175.129041
569041.481043 -296192.980024
567291.627286 -294074.011281
568456.829646 -295881.647571
568724.943751 -296718.521558
566710.111807 -296874.119605
569019.818632 -296125.373628
569039.559913 -296185.080399
568585.945905 -295853.832519
568505.327359 -295866.377682
568721.219345 -296719.483966
568235.963732 -296066.188068
567813.763563 -294290.881637
568404.826419 -295905.361302
568607.724918 -296732.968378
569042.316403 -296196.628709
568175.766648 -296342.264546
569048.274992 -296228.69074
568542.498355 -295858.685001
568443.617233 -295886.90952
568173.237414 -296278.547748
568940.764627 -295999.452135
568719.812704 -295866.161569
568290.707904 -296592.545998
568996.183058 -296076.734552
568173.045052 -296299.296296
568536.103687 -295859.771473
568351.090399 -296646.558144
568954.978505 -296569.858631
568944.690229 -296582.104811
568845.957918 -296666.270155
568942.594741 -296584.491521
568552.469533 -295857.183453
568959.144977 -296564.631468
568471.977078 -295876.211642
568681.036273 -296727.708023
568174.988419 -296251.216569
567109.774354 -296903.855922
568704.730437 -295862.66812
565610.653297 -295207.351454
567274.018524 -294070.653882
568786.506839 -296697.345616
568444.958324 -295487.917503
569035.908099 -296414.444388
569019.52133 -296461.346096
568307.504393 -294865.172905
567086.904794 -296905.191059
569008.088555 -296099.337836
568434.656948 -295648.680375
566594.952266 -294110.083799
568162.80787 -296329.899228
566085.456461 -294390.331325
568833.527627 -295912.253935
566009.58501 -294460.122083
568718.6248 -295865.866061
568606.114421 -296732.94612
568271.618451 -296570.594377
569048.203268 -296228.207135
565689.151197 -296012.747097
568217.772716 -296486.378887
568178.521699 -296223.511827
567998.647587 -294439.051338
568880.337387 -295943.527939
565731.204366 -296106.89584
568399.635074 -295119.668625
568049.263828 -294489.478691
568358.744091 -296652.101563
568195.640325 -296432.323012
565953.760524 -294518.526852
568949.793785 -296009.857021
568055.337346 -296458.120893
565798.179377 -296228.164143
568334.569814 -294925.968689
568925.03467 -295982.783358
569052.870591 -296282.329336
568418.909404 -295898.12174
569052.681435 -296309.740236
568283.192628 -296584.250918
568195.763741 -296432.692176
566675.093162 -294087.984758
569051.198924 -296332.770626
568199.223407 -296143.370689
568392.509676 -295912.232332
565620.675908 -295159.572327
568539.387478 -295859.201433
568044.044175 -296469.959257
568970.362787 -296549.694055
568177.782558 -296357.697593
568963.454764 -296559.04785
568296.676066 -296598.841738
569022.033718 -296455.146284
566966.342693 -296906.171951
568992.95261 -296071.108102
565877.155159 -296343.14613
568362.506616 -296654.736181
568387.117826 -295915.405981
569036.607706 -296411.981137
568505.895807 -296719.765383
568266.086385 -296022.350884
568197.438299 -296148.402376
565614.490749 -295188.081607
565631.876039 -295840.136486
568173.013836 -296296.489309
568941.096353 -296586.177051
566521.547703 -296819.164234
568667.353346 -295856.370049
569050.605461 -296338.841694
568657.120048 -295855.21761
568959.396237 -296021.689021
566748.092807 -294072.129703
566131.500147 -294352.576588
569052.281191 -296318.140305
568947.448763 -296578.90912
567662.920493 -294202.206278
568173.013279 -296296.418342
568647.732346 -295854.372978
569046.172046 -296370.213848
568450.613006 -295884.061785
568261.271004 -296028.639048
568436.285596 -296695.954116
568259.090684 -296554.434879
569022.740283 -296453.352425
568650.084394 -296731.434428
568708.694471 -296722.467773
568223.784227 -296087.790152
568297.37127 -296109.790587
568083.343777 -294526.451961
565638.866899 -295088.209969
568199.489345 -296443.362689
568813.683262 -295901.431068
565992.931929 -296477.138419
568883.616729 -296639.93888
568219.842057 -296490.552098
565888.623583 -296358.008608
568318.198913 -296065.704165
566450.81189 -294163.001607
568424.37249 -295895.483129
568420.824974 -296688.814046
568488.496488 -296715.017625
568343.473398 -294947.794529
568581.757136 -296731.889375
568226.835738 -296082.103905
568064.599326 -296448.206082
568264.989033 -296171.569951
568376.458665 -295921.990301
567486.924146 -296826.884291
568236.953034 -296521.448417
567374.980449 -296860.948726
568197.68586 -296438.307141
569024.593719 -296137.46669
565917.126672 -296393.282792
568173.636808 -296316.664011
568815.312637 -295902.27043
568203.145 -296132.941014
568220.806409 -296245.720303
568084.2727 -294527.497029
568427.371228 -295700.847076
567983.952392 -296528.680209
567131.074643 -294051.718737
569039.02623 -296403.007507
568810.426904 -296686.220825
568437.903633 -295334.714188
568174.28109 -296259.448282
568187.229859 -296182.005464
567839.278746 -296645.530936
568948.884447 -296008.778892
568423.185385 -296689.951397
569000.259754 -296501.877675
569031.76263 -296157.95238
569052.960526 -296287.106315
567226.658248 -294062.750805
568041.04086 -294480.937675
568914.79529 -296613.186825
567504.129613 -296820.745594
568347.04343 -296643.524041
568857.534783 -295927.209432
569027.685274 -296440.092228
568821.034186 -295905.286475
568227.20266 -296081.433433
568931.194494 -296596.895153
568275.859683 -296575.730272
568254.886826 -296037.353849
565585.763122 -295430.288678
569032.631319 -296160.676322
568946.818925 -296006.355751
568706.957113 -296722.851208
568428.755473 -296692.567209
569004.765105 -296092.699968
568346.208489 -295943.111032
568596.302219 -295853.31695
567635.776946 -296765.229787
568190.985502 -296168.48589
569052.969921 -296298.144732
568638.377276 -295853.732435
567933.962788 -296572.631048
568274.536482 -296011.855114
565738.688586 -296121.925713
568493.110419 -296716.351495
568454.027374 -296703.277594
568362.123594 -295931.529353
568205.562594 -296269.124175
569052.924404 -296301.155889
565722.518846 -294865.123814
568388.483827 -295914.592167
568797.773911 -295893.677321
568907.111924 -295965.741423
567168.840473 -296898.70078
568509.822591 -296720.731718
568979.458865 -296536.532134
568189.977225 -296171.955661
568456.140084 -295881.910026
568363.919888 -295930.289236
568591.4988 -296732.474343
568175.070445 -296335.63455
568995.374574 -296510.69172
567430.322664 -294108.640733
567775.178739 -294265.790569
568410.481047 -295164.697826
567699.459116 -296732.553949
568984.549789 -296057.307925
565706.022533 -296052.741253
568472.951456 -296710.116777
568430.493647 -296693.364123
566548.619909 -296828.809754
568611.363418 -296732.996956
568343.707531 -296640.967766
567131.441258 -296902.251358
568767.51733 -295881.023793
569025.889583 -296445.059832
568756.081152 -295876.91373
568174.363727 -296327.61531
568780.612753 -295886.175757
569020.517585 -296127.080086
569046.35561 -296216.823134
568429.092741 -295264.298989
567652.32024 -296757.126131
568979.34103 -296536.709355
565680.673414 -294962.731042
568989.366661 -296065.078662
568741.849915 -295872.289055
568227.844079 -296080.267969
568289.945351 -296591.72344
567335.389205 -294083.353432
568967.19821 -296554.043346
566048.700837 -294422.881445
568259.648001 -296181.096125
568407.979265 -296682.315422
568272.167879 -296571.268692
569050.910006 -296250.165121
568228.84514 -296507.53448
568910.328878 -295968.661383
568990.343953 -296066.700329
568911.399028 -296616.354326
565934.857124 -294539.881348
568968.245927 -296552.615738
568444.835833 -295455.332281
566111.895222 -296585.738815
565590.110565 -295356.210518
568065.3437 -294506.598995
569041.41107 -296393.319265
569029.636482 -296151.529007
568187.596551 -296180.60825
565794.248981 -294732.240341
569033.288043 -296162.777265
568793.110326 -295891.552282
568602.395389 -296732.872189
568722.834643 -296719.070829
568778.267639 -295885.217451
568161.908022 -296331.108885
565658.297275 -295928.948797
566640.973684 -296857.218937
569001.347068 -296499.849112
568443.734427 -295416.850699
568371.975534 -295924.886965
566376.326947 -294197.548269
568209.526618 -296117.474419
566008.44382 -296492.748324
569052.981199 -296288.932488
568530.613212 -296725.21802
568875.942093 -296645.790952
568866.644084 -296652.533974
566991.260559 -294047.197063
568637.736544 -295853.695887
569029.790739 -296434.015884
568885.525795 -295947.558701
568311.119622 -296613.106603
569026.603873 -296443.106083
568972.19669 -296038.878498
568593.442231 -295853.434881
568430.10338 -295892.81401
567787.19467 -296680.584393
568267.133683 -296564.986195
569052.832877 -296305.12601
568173.000006 -296293.072104
569051.914118 -296323.89332
568311.028069 -296613.020238
565620.204856 -295161.648598
568899.578535 -295959.124659
565646.064829 -295063.579515
568442.607422 -295394.313555
568658.451453 -295855.353835
568175.810449 -296243.348252
568227.617189 -296505.320721
568323.526663 -296624.368658
566476.804179 -296801.856694
568445.139657 -295886.277853
568591.273022 -296732.463239
569046.085211 -296370.69942
568808.655737 -296687.105104
568187.301151 -296181.732352
568180.387106 -296373.287506
568085.15526 -294528.491845
569052.511935 -296272.281442
568183.913428 -296195.610503
569008.734175 -296100.660554
569044.047212 -296204.69201
568662.252129 -295855.765249
567927.530673 -296577.993993
568238.774534 -296524.420183
568401.474238 -295827.127386
568688.185037 -295859.471212
568857.293133 -295927.048002
565871.49025 -296335.653277
569030.351793 -296153.653377
567922.159251 -296582.423943
567353.96787 -296866.244681
568379.058303 -295920.345626
567050.389009 -296906.562037
568194.883671 -296155.964474
565627.66093 -295130.315266
568364.657705 -295929.783667
568866.438874 -295933.321342
568882.160092 -295944.929828
568263.821517 -296560.720725
568992.87674 -296070.978239
568997.648082 -296506.648902
568991.431308 -296517.476603
569027.986634 -296146.76015
568378.993049 -295906.444946
568464.618353 -296707.225647
568897.924874 -296628.287662
567316.767947 -294079.203124
568180.766215 -296375.304041
568440.806282 -295888.093439
568500.256492 -296718.310359
568757.454735 -296708.611392
565727.799978 -294854.090614
568275.823705 -296575.687364
569052.660909 -296310.270933
568821.969554 -296680.210182
565830.32154 -294676.102412
568444.383542 -296699.409264
566667.040048 -296864.019781
568173.370881 -296311.062063
565640.717821 -295081.7172
565613.521336 -295761.178735
567610.355324 -296777.173849
568854.425388 -296660.850217
568659.063488 -295855.41783
568804.2266 -296689.273122
567904.732017 -296596.498521
567833.496931 -294304.411933
568991.812417 -296069.167132
568915.307046 -296612.703691
568620.206214 -296732.940985
568113.635381 -294561.631058
568622.38035 -295853.100001
568804.842279 -295897.024572
569052.990652 -296290.131834
568304.923437 -295978.852214
568963.138148 -296559.464402
568178.512263 -296223.570852
567911.941476 -294363.269338
568173.135022 -296303.899598
569011.262991 -296480.047025
568905.569605 -295964.361861
567600.213628 -296781.770098
568568.056046 -295855.301427
568298.73358 -295985.044456
568202.073227 -296135.713043
569018.637797 -296463.464007
568404.426628 -295138.778704
568350.624448 -295987.888769
569037.066505 -296175.664588
568181.004946 -296376.548029
568049.456708 -296464.319259
568305.471472 -296607.684294
566326.270093 -294223.783692
568801.755308 -295895.543796
568685.738547 -296726.945969
567347.938886 -294086.298127
566993.476288 -296906.838008
568958.38973 -296565.591148
569050.206299 -296342.504064
568195.265817 -296154.803935
568998.543595 -296505.028621
568438.901499 -295608.926194
568345.925246 -294953.991406
568582.594416 -295854.051825
568260.376438 -296029.833467
566853.485062 -294056.150633
565809.78123 -294707.358709
565888.579984 -296357.952863
565952.101322 -294520.367154
569021.495048 -296456.498611
568173.234396 -296278.639862
567664.291545 -296751.09595
565592.097354 -295619.295682
569020.198386 -296126.298246
568177.408762 -296355.131095
568993.086718 -296071.337899
569033.082399 -296162.115401
568946.346989 -296005.807059
568746.380467 -296712.296615
568678.087279 -295857.840666
568961.048221 -296023.811524
568801.451036 -295895.399438
568173.009731 -296295.926287
567408.19724 -294102.119667
565798.10487 -294725.956564
568225.048115 -296500.589342
565691.760295 -296019.159278
565618.225395 -295783.464846
569008.941394 -296101.087488
569035.091792 -296168.748163
568365.944937 -295928.906885
568260.151876 -296030.134633
568551.806295 -295857.276085
568443.73501 -295416.86455
568471.5301 -296709.636853
568518.604903 -295863.244761
568841.234774 -295916.823329
568805.687506 -296688.564818
566535.233053 -294129.883199
568438.398617 -295339.754315
568144.827153 -296353.578921
568250.408862 -296043.745779
568187.874243 -296179.562394
568970.532442 -296549.457702
568407.331675 -295803.055988
568814.7759 -295901.992985
568568.888124 -295855.216786
568538.8342 -296726.704316
568173.022945 -296297.493425
568272.870821 -296013.872535
568215.015346 -296105.361477
568845.264632 -296666.701941
568173.386526 -296311.438918
568483.621898 -295872.451184
568173.530226 -296314.594396
568503.064954 -296719.044934
568258.768051 -296553.99756
568356.602347 -295935.424493
568949.241336 -296576.798809
566192.051437 -294307.531889
568529.654726 -295860.965782
568886.712309 -296637.501919
568345.480414 -296642.332608
568176.309996 -296346.868736
568187.895942 -296406.518897
566245.712954 -296682.444914
569003.646102 -296090.526241
568307.074069 -295976.75749
568874.619662 -295939.227259
568901.038921 -295960.383735
568996.301474 -296509.055503
569036.552009 -296173.82074
565883.21501 -294602.950381
567780.99338 -294269.459466
568823.896188 -295906.835789
569048.509303 -296355.702849
568615.663549 -296732.991938
566539.288952 -294128.445589
565585.408512 -295442.821369
569036.864869 -296411.061734
566802.067391 -296891.057886
566945.390821 -296905.304786
568324.540274 -294902.540019
565710.329637 -294891.564056
568242.127353 -296056.243839
565596.759583 -295660.013985
568925.784167 -296602.460926
568527.182112 -296724.54987
569037.778497 -296407.731114
567838.210807 -296646.283528
568472.70552 -296710.034122
568623.195617 -296732.881858
566443.463002 -296787.818622
568954.681332 -296570.225301
568484.092838 -296713.693408
568867.911408 -296651.636549
568736.396772 -295870.657442
569001.629278 -296499.318405
568933.312159 -296594.662263
568488.014176 -295871.124967
568456.247067 -296704.13078
568315.519631 -296617.199676
568181.546565 -296304.084707
569041.461265 -296393.104666
568993.028515 -296071.238128
568568.874076 -296730.781798
568210.333846 -296115.630419
568469.712672 -295876.984686
568216.078924 -296103.121987
569036.409852 -296412.68332
568680.005808 -295858.131949
567441.944566 -294112.222239
568239.725813 -296060.048544
568489.588979 -295870.661605
567744.418348 -294247.020783
568177.707329 -296357.189488
568344.79923 -296641.809901
569044.677393 -296207.825892
568230.271368 -296510.06864
568310.632493 -296612.646509
566716.187387 -294078.568371
568209.423066 -296117.71264
569034.715803 -296167.477964
566462.867289 -294157.890653
567810.9503 -296665.008047
565585.391398 -295443.544861
568185.34641 -296396.500757
568477.326362 -295874.439773
568386.827152 -295915.580018
568194.39182 -296157.474389
568301.503582 -296603.757111
569052.811698 -296305.871306
565598.442114 -295281.388766
568860.108634 -296657.056758
568286.296213 -296587.72807
568762.336711 -296706.882286
568256.458017 -296550.832919
568235.361217 -296518.807329
568363.26574 -295000.471414
568907.953796 -295966.499988
568855.649221 -296660.044078
565961.489067 -294510.038411
568291.0934 -296592.960232
568254.990799 -296548.791736
568539.61189 -296726.836588
569037.293992 -296409.51012
568326.742287 -296046.413885
568173.82485 -296319.929309
568175.011369 -294640.774179
566573.326151 -296837.082428
566557.256748 -296831.758693
566574.452677 -294116.552259
569020.883374 -296458.018644
568197.809351 -296147.340379
568184.440604 -296392.683722
568887.781824 -295949.350543
569036.069084 -296413.882382
567849.023571 -294315.404252
568950.503193 -296010.703003
568996.090094 -296076.56992
568284.880345 -295999.849029
566224.080045 -294285.637073
568743.291255 -296713.266807
568319.18264 -296620.523066
568692.677698 -296725.725623
566791.779768 -294064.529566
568206.844533 -296123.77312
568289.339151 -296591.066528
568743.310812 -296713.260743
565601.856106 -295258.083726
568173.186881 -296280.177364
568354.380579 -296648.971902
565656.131855 -295922.395739
568353.392054 -296648.251621
566757.816141 -294070.317213
568815.820733 -295902.533932
566215.661603 -296662.731052
568809.499751 -296686.68496
568185.083646 -296395.408957
566556.493388 -294122.49947
568508.699956 -296720.459356
568990.641536 -296518.802725
569013.552406 -296475.092752
568183.60363 -296196.985641
568267.040114 -296021.132831
566068.706642 -296549.11421
568719.179424 -296719.996405
568180.154415 -296213.976587
566228.892142 -296671.54361
568179.370624 -296367.602711
568827.711714 -295908.944171
568699.682206 -295861.622908
568434.315104 -295651.483914
565710.820818 -296063.529336
568444.357799 -296699.398583
568858.139277 -295927.614266
568988.915217 -296064.334853
565704.848944 -294903.934374
568190.251001 -296414.997065
568941.968737 -296000.802173
567909.093259 -296593.018479
569047.553913 -296223.986257
568325.728464 -295959.72074
568676.896212 -295857.664182
568746.589113 -296712.230186
568286.361741 -296587.800691
568011.10891 -296502.995633
567937.764442 -296569.431135
568432.024671 -296694.058512
568293.905453 -296595.949946
568825.757673 -295907.858244
568601.270057 -295853.156382
567123.713625 -296902.861616
568316.809996 -296618.378982
568764.391248 -295879.864804
566758.047243 -296883.72502
568536.095172 -296726.227016
568536.302861 -296726.263833
567778.57853 -294267.931007
568249.51205 -296045.05543
568501.969893 -295867.239133
568325.25953 -295960.125516
567029.943389 -294047.078081
568174.932852 -296251.80323
568915.882305 -295973.841247
568176.323284 -296346.976348
569050.242723 -296342.181313
568797.682325 -295893.634956
566428.992652 -296781.41381
568334.890674 -296633.962172
568623.34723 -296732.878318
568991.521263 -296068.675115
566639.343195 -294097.223944
568723.519134 -296718.893791
568206.365671 -296461.072967
568173.579874 -296270.417865
568492.322302 -295869.872486
568148.898497 -294605.693969
568441.004215 -295583.826861
568957.990269 -296566.096529
565708.799969 -296059.015016
568497.555207 -296717.585091
565772.13262 -296184.234526
566327.74074 -294222.976592
568342.33991 -296639.905053
568278.98043 -296006.589584
568553.331734 -295857.064571
569039.319224 -296401.866522
568714.535814 -296721.124373
567476.459369 -294123.502586
565772.932605 -296185.638544
568683.123739 -296727.376175
568333.641013 -295953.060952
568238.272639 -296523.606602
568212.711187 -296110.328529
568356.068473 -295973.422552
565594.594334 -295311.62847
568981.947125 -296532.745738
568188.530503 -296294.145127
568180.180086 -296213.836106
568991.51389 -296517.337325
568806.560938 -296688.138157
568387.78003 -295915.010629
567980.467151 -296531.880647
568545.481125 -295858.211314
568632.478993 -295853.431383
569009.339063 -296484.089893
568180.750357 -296375.220715
569040.257321 -296398.1246
568173.002342 -296291.564273
568924.70482 -296603.548073
565669.536356 -295961.383715
568424.137054 -295233.622178
565644.445459 -295885.019914
568185.425818 -296396.828315
568973.499666 -296545.269679
567142.380657 -296901.315333
568358.14552 -294986.224988
568207.020951 -296462.649673
567499.558407 -296822.40074
568812.076025 -296685.388502
568657.881376 -296730.704994
568605.066643 -296732.928474
568173.120437 -296282.705832
569007.26337 -296097.663381
566347.777614 -294212.201879
568605.401586 -296732.934386
565588.175873 -295381.74818
566594.06758 -294110.355972
567320.725427 -294080.063365
568079.766396 -296431.553572
565612.146194 -295754.310655
568730.409468 -295868.953992
568178.563387 -296223.25167
568223.319659 -296497.326288
568524.864306 -295861.917526
568926.852059 -295984.622172
565603.802419 -295245.869328
568532.823632 -295860.366495
568611.99802 -296732.998859
568446.824127 -295885.586722
565873.967557 -296338.942553
568281.097447 -296581.861032
568223.542505 -294712.588453
568887.889309 -296636.563485
568184.329928 -296193.793299
567007.428412 -294047.020045
568990.910491 -296518.352303
565624.388022 -295810.314156
568658.286307 -296730.663284
569052.917009 -296301.545472
569010.895406 -296105.172297
568261.302377 -296557.402689
568372.751597 -296661.620001
568255.457476 -296036.556353
565647.54229 -295895.281499
568977.008117 -296540.18028
568393.630434 -295911.585536
567363.384219 -294090.086724
568627.055736 -295853.224562
568342.172757 -296639.774573
567760.630737 -294256.780838
566482.719295 -294149.755768
569052.724581 -296277.434235
565986.141187 -296470.151319
568729.078488 -296717.412281
566694.041886 -296870.515658
569048.454244 -296356.084083
568335.878607 -295951.234388
568279.389786 -296006.112871
569051.103439 -296333.809029
568736.397344 -296715.342391
568935.110438 -295993.258668
568876.570918 -295940.678597
568735.961352 -296715.469533
566508.108936 -296814.146757
567023.863762 -296906.972529
569048.509651 -296230.299568
569052.423759 -296270.48867
568383.87061 -296668.63243
568592.87616 -296732.539567
568751.285649 -296710.704536
569049.449328 -296237.214838
568710.468578 -295863.931385
568349.435 -296645.32583
568173.264875 -296308.264986
568898.345984 -295958.07065
568480.15775 -296712.467444
566257.986236 -296690.190076
568628.970401 -295853.289929
565741.006068 -296126.491694
569045.618829 -296373.255523
569009.548177 -296483.655562
568529.051592 -296724.917428
568199.035922 -296442.109832
566629.198863 -294100.025969
566952.769748 -294048.354699
568870.242454 -296649.968233
569043.588532 -296383.518045
568201.8148 -296449.610126
568203.871619 -296131.092719
568240.896778 -296058.182641
568818.685168 -296681.964795
568857.286499 -296658.956427
568321.563968 -296622.643807
568217.10273 -296251.49921
568197.780811 -296147.421755
568410.186239 -296683.469689
566007.809473 -296492.119324
568970.44488 -296549.579729
568416.567545 -296686.718542
569043.782759 -296203.410855
567301.190426 -296878.069249
565724.337777 -296092.703683
568747.212948 -296712.030887
568173.094784 -296302.1324
568467.58071 -296708.274885
568940.437715 -295999.087525
568378.526518 -296665.320005
568344.223227 -295944.633747
568173.565193 -296270.705379
568916.415838 -296611.65158
568990.064135 -296519.765602
568211.089351 -296472.07493
568586.22818 -296732.184778
568229.92098 -296076.550319
567876.562089 -294335.680252
568208.895374 -296264.092012
569041.49698 -296392.951679
566037.98487 -294432.805844
565618.529165 -295784.846078
568596.362606 -296732.685339
568008.053317 -296505.953405
568213.404018 -296477.182115
568293.560216 -295990.414104
568645.705817 -296731.782782
568864.408724 -296654.100614
568696.01292 -296725.098201
568327.721027 -295958.013571
568967.282915 -296032.071626
568972.707383 -296546.398103
569013.307578 -296110.369655
568181.044268 -296209.248909
568272.730596 -296014.043493
568883.059168 -295945.626936
568311.933744 -296613.872419
568908.775943 -296618.755417
567960.445281 -294404.137837
568957.090545 -296018.770723
567084.407363 -294048.685393
565836.024477 -296286.269248
568857.82015 -296658.599636
568181.502978 -296206.916782
568731.573025 -296716.722123
565881.404928 -294605.299241
568419.832841 -296688.330809
565589.608106 -295591.708099
568319.731332 -295964.985536
568551.742184 -296728.714907
569037.151275 -296410.02861
568640.641295 -296732.130913
569038.262605 -296180.076499
568810.196819 -295899.663739
568435.507824 -295890.38787
568575.107769 -296731.365349
568867.305506 -296652.066441
568642.779545 -295854.008908
568356.532495 -294981.832791
568610.569353 -295853.006714
569020.220554 -296459.647594
568785.76578 -295888.337196
568981.422862 -296533.550608
568427.819299 -295698.001419
568865.260251 -295932.493737
568667.325371 -295856.366568
565632.74377 -295843.425593
567616.367929 -296774.403797
568412.353874 -295173.187308
567338.356442 -296869.961095
565839.139919 -296290.789327
568237.191406 -296064.159661
569020.643675 -296127.390115
568604.053963 -295853.090954
568450.629323 -295884.055305
567557.555893 -296800.077134
569052.305685 -296317.708599
565834.062712 -296283.40382
568551.593753 -296728.694013
568701.08069 -296724.093716
568489.445851 -295870.703455
568769.534735 -295881.786094
568214.419761 -296479.370044
568831.298646 -296675.028404
568833.364418 -295912.159451
565597.918824 -295668.783575
569048.944822 -296352.599601
568319.974097 -296621.231352
568681.52221 -296727.631691
566368.662388 -294201.403006
568206.554275 -296461.528552
568956.382719 -296568.115082
567248.343425 -294066.166613
568992.756185 -296515.2279
569052.883153 -296282.860372
568679.886537 -295858.113588
568203.746011 -296131.410482
568592.403361 -295853.482334
568617.041069 -296732.981443
568589.376646 -296732.36538
566896.270519 -296902.062564
568673.682628 -295857.204614
566654.0899 -296860.70658
569036.843043 -296411.140065
568939.358205 -296588.110695
568741.134837 -295872.070714
566775.298384 -296886.76705
569039.954375 -296186.651697
566042.859944 -294428.265662
569043.816531 -296382.426598
566629.087701 -296853.942881
568233.703625 -296069.988207
568751.081422 -295875.227908
568187.984603 -296406.850395
565857.959356 -294636.668548
568175.387777 -296338.777091
568313.400327 -296615.2422
568955.888974 -296568.730215
569049.105744 -296351.410444
568366.467935 -296657.447446
568175.928774 -296343.682772
568205.830541 -296459.772395
568349.588142 -295940.55966
568175.30222 -296337.951681
567174.310216 -296898.098257
568481.88753 -295872.988666
568383.011788 -296668.107214
569005.564042 -296491.729647
568521.233446 -295862.67582
568274.517117 -296011.878429
565840.343901 -296292.526241
569022.446483 -296454.10114
565841.955074 -294659.157961
568590.751316 -295853.562864
568593.784505 -295853.419786
565791.175768 -296216.698756
568802.774212 -295896.029285
568427.326908 -295894.094619
568445.34995 -296699.808875
568412.772973 -295175.121354
568224.137335 -294713.529696
568254.039579 -296038.544864
568675.001423 -296728.609715
568186.484488 -296401.09495
569045.474101 -296374.031793
568634.095703 -295853.506005
568222.152878 -296090.914555
568616.816059 -296732.983452
568678.636015 -295857.923095
568730.304547 -295868.924956
568949.972394 -296010.06961
567977.66214 -296534.441065
568740.989202 -296713.973591
568805.093248 -295897.146259
568179.318791 -296367.300802
569012.544032 -296108.705217
567089.067117 -294048.919448
568953.67429 -296571.461897
568512.730495 -295864.577281
568179.742402 -296369.73235
568317.071575 -295967.383097
568843.08072 -295917.94952
568199.3817 -296142.933676
568563.015063 -295855.848418
568176.509414 -296348.461414
568812.750969 -295900.954658
568269.587404 -296017.922213
568650.615798 -296731.389156
568443.069252 -295551.284666
569050.727234 -296248.336046
568179.418703 -296367.881632
569051.730952 -296259.606109
565650.081717 -295050.504889
567573.251396 -294160.468428
568407.802287 -296682.222171
568468.841139 -296708.714112
568506.656092 -296719.95547
568489.340093 -295870.734411
568332.291855 -296631.825821
568975.493642 -296542.395989
565778.014744 -294759.52702
569045.57152 -296212.489874
567902.020728 -294355.352003
569052.597316 -296311.820185
568283.710811 -296584.836649
569035.427278 -296416.106435
568918.871759 -296609.294905
568880.152928 -295943.386909
569022.674289 -296132.479046
567304.45505 -294076.601566
568842.926346 -295917.854861
568492.660427 -296716.223803
568735.640786 -296715.562703
566189.995029 -294308.981679
568860.773802 -295929.395623
569009.276945 -296101.781323
568742.598877 -295872.519167
568430.835486 -295276.226802
565981.821536 -296465.656796
568793.988786 -295891.947561
567782.333094 -294270.310345
568663.807709 -295855.94328
568311.762116 -295972.288701
569045.529852 -296212.266321
568678.348025 -296728.120254
568333.763338 -296029.958641
568255.396197 -296549.358188
568548.079501 -295857.815753
567308.4861 -296876.559184
568603.897526 -296732.905836
569007.502843 -296487.852525
566295.874597 -294240.974654
568338.599286 -296636.953846
568286.917945 -294823.452188
567003.790163 -296906.956062
568889.641412 -296635.154248
568612.520668 -296732.999739
565710.505158 -296062.826942
569052.985699 -296289.452515
568208.662715 -296466.526251
568580.64096 -296731.808492
567592.519303 -296785.193967
568893.422018 -295953.937333
568337.554133 -294933.170463
568173.054481 -296286.076135
568351.064361 -296646.538854
568190.480422 -296415.789274
568287.467866 -296589.021672
566298.905313 -294239.216336
565698.590864 -296035.54005
568363.910428 -295951.700597
568174.032078 -296262.880846
569043.731027 -296382.837532
568381.563264 -295918.784771
568216.16046 -294701.04024
567964.024409 -296546.697467
568250.338134 -296542.151302
569052.719583 -296308.706322
568439.163648 -296697.204061
568300.281937 -296602.527726
568178.945506 -296365.088115
568650.597331 -296731.39074
568465.690892 -295878.391719
568444.972851 -295468.188276
568870.155003 -296650.031237
568238.479326 -296523.942125
568894.303045 -295954.667919
568360.218451 -296653.140929
568390.020777 -295913.684477
568681.922853 -295858.431662
568792.762157 -296694.603743
568376.542885 -295039.849029
567020.248138 -294047.00963
568308.881717 -296085.908945
568938.123281 -295996.52934
568401.44495 -295827.243344
568184.656116 -296192.394249
568969.153641 -296034.630916
569030.766037 -296154.900261
568219.225304 -296489.319864
568190.444233 -296170.335319
568201.656193 -296449.193062
566613.061791 -296849.35042
568338.623259 -295949.02703
569048.869435 -296232.851554
567481.497381 -296828.769283
566740.365286 -296880.380125
568528.862452 -295861.119376
568385.950137 -295883.688729
566364.770737 -294203.382355
568192.364381 -296422.095609
568323.629 -295961.541972
567970.341144 -294412.94018
568526.9028 -295861.505768
565585.017495 -295484.073551
568173.858032 -296265.534888
568197.555798 -296437.934866
568307.341196 -295976.499296
568385.995309 -295070.463576
567446.107659 -294113.53156
568972.255106 -296038.961088
568993.318739 -296071.736228
569002.583434 -296497.510998
569024.371426 -296136.879694
569052.503452 -296313.897754
568415.597675 -295899.766835
568438.537778 -295341.205324
568301.339764 -296101.68393
568899.765518 -296626.714755
566631.736275 -294099.317556
568769.266192 -296704.316031
568389.494917 -295082.457576
568452.782118 -295883.207089
568673.847223 -295857.227565
568541.955407 -295858.773486
568414.111377 -295900.516477
569004.476087 -296493.864317
568998.003651 -296079.992514
567292.386918 -294074.161272
567464.141945 -296834.634529
568460.126379 -296705.588968
568480.416642 -295873.450655
569047.610853 -296361.65425
568339.329108 -296637.534821
568346.940677 -295997.417173
569036.048101 -296413.955796
568270.322637 -296568.993161
568352.110264 -296647.311368
569046.388865 -296217.012558
569000.230372 -296501.93214
565854.066118 -296311.944622
567960.462443 -296549.847039
568968.135144 -296033.232739
568341.312468 -296639.100975
568178.377678 -296361.581611
568806.735617 -295897.947459
565585.459636 -295513.25392
568275.953615 -296010.157757
568986.783515 -296525.133332
568196.414275 -296434.620385
568619.473689 -296732.952374
568484.223141 -295872.266687
568398.218284 -295839.777038
568174.643658 -296255.003718
568925.362528 -296602.886514
568425.924667 -296691.249695
568403.338616 -296679.836017
568970.281027 -296036.192159
568240.143566 -296214.51152
568420.258056 -296688.538295
568175.307747 -296247.994536
568200.202638 -296140.689993
568575.093097 -295854.63592
568336.047296 -296634.902325
568454.516028 -296703.466601
568942.452147 -296001.347325
568571.77199 -296731.064209
568196.332982 -296434.381031
569013.979139 -296111.848874
568185.85824 -296398.593168
568375.842451 -295037.673443
568174.749844 -296253.797952
568351.847897 -295938.88197
565731.203283 -294847.106367
566607.201002 -294106.379711
568635.422598 -296732.428296
568306.905649 -296609.079497
565710.369437 -294891.475369
567100.756037 -296904.426321
568420.215548 -295897.482421
568355.312113 -296649.646818
568175.210701 -296248.948558
568416.149446 -295899.490331
569008.613969 -296485.586572
568791.904054 -296694.98674
566863.794795 -294055.016531
568176.448074 -296238.023497
568953.255158 -296014.026116
568458.597329 -295880.980807
565594.972718 -295645.589791
568482.536576 -296713.213392
568345.59369 -296642.419326
568273.531002 -296013.07001
567724.288257 -294235.303512
568970.372112 -296036.318926
568713.100725 -295864.537814
568978.083365 -296047.410635
566721.362401 -294077.472594
568205.469653 -296458.888566
568929.648801 -295987.494621
568336.871512 -295950.431674
568496.429868 -296717.277509
568174.54521 -296329.842874
568892.843342 -296632.54043
568258.509377 -296032.353883
567875.826216 -294335.125127
567407.563534 -296852.061406
568198.661569 -296279.399707
568176.959777 -296351.897573
568176.337258 -296347.089274
565610.008001 -295743.265812
567269.439433 -296884.181785
568981.700043 -296533.125546
568147.510295 -296350.109634
568647.852602 -295854.382517
567490.279767 -294128.29353
568524.07387 -296723.920113
568311.468724 -296613.435469
568716.145242 -296720.739476
568098.31921 -296410.444958
568175.492815 -296246.229676
568406.594329 -295806.188735
568301.323835 -296603.576831
568902.990902 -295962.084185
568449.40331 -296701.455778
568760.686933 -295878.526153
568593.69056 -295853.423902
565983.055622 -296466.944848
568356.458571 -295935.52763
566871.678188 -294054.200345
568431.646257 -295671.970213
569024.991589 -296447.476311
566881.28814 -294053.265074
568586.240703 -296732.185542
568260.696862 -296179.238797
568234.29921 -296068.978323
568386.92946 -295880.372726
568754.459241 -296709.640472
568543.448634 -296727.468189
569007.327343 -296488.207445
568198.821189 -296144.487669
568308.892978 -296610.992011
565685.929727 -294949.295338
567492.979161 -294129.247826
565802.926372 -296235.800053
568764.885609 -296705.953704
568776.368692 -296701.547024
568869.349369 -296650.610124
569040.327977 -296397.837016
566075.643412 -294398.802801
568024.326585 -294464.004518
568901.70938 -296625.034477
568190.531784 -296170.034125
568202.504346 -296134.591293
568389.748351 -295083.341555
568992.462812 -296515.728476
568351.759825 -296647.053062
568324.330285 -295960.931037
568351.953831 -296647.196129
567406.208043 -296852.447661
568258.745328 -296553.966718
566743.204428 -296880.93275
568235.680896 -296519.341101
568189.210922 -296174.666499
568304.21838 -296095.721237
568646.475866 -296731.724705
568269.397765 -296018.159129
568342.842924 -296007.785426
569004.369886 -296091.928837
568684.59126 -296727.13672
569000.275332 -296501.84879
568801.401506 -295895.375966
569044.382374 -296379.655912
568332.738347 -295953.804768
568775.231342 -296701.99999
568226.613691 -296503.489003
568230.251748 -296510.034042
568398.266689 -295839.592425
568813.005595 -295901.084497
568274.237482 -296012.215463
